17056,17057,17058,17059,17060,17061,17062,17063,17064,17065,17066,17067,17068,17069,17070,17071,17072,17073,17074,17075,17076,17077,17078,17079,17080,17081,17082,17083,17084,17085,17086,17087,17088,17089,17090,17091,17092,17093,17094,17095,17096,17097,17098,17099,17100,17101,17102,17103,17104,17105,17106,17107,17108,17109,17110,17111,17112,17113,17114,17115,17116,17117,17118,17119,17120,17121,17122,17123,17124,17125,17126,17127,17128,17129,17130,17131,17132,17133,17134,17135,17136,17137,17138,17139,17140,17141,17142,17143,17144,17145,17146,17147,17148,17149,17150,17151,17152,17153,17154,17155,17156,17157,17158,17159,17160,17161,17162,17163,17164,17165,17166,17167,17168,17169,17170,17171,17172,17173,17174,17175,17176,17177,17178,17179,17180,17181,17182,17183,17184,17185,17186,17187,17188,17189,17190,17191,17192,17193,17194,17195,17196,17197,17198,17199,17200,17201,17202,17203,17204,17205,17206,17207,17208,17209,17210,17211,17212,17213,17214,17215,17216,17217,17218,17219,17220,17221,17222,17223,17224,17225,17226,17227,17228,17229,17230,17231,17232,17233,17234,17235,17236,17237,17238,17239,17240,17241,17242,17243,17244,17245,17246,17247,17248,17249,17250,17251,17252,17253,17254,17255,17256,17257,17258,17259,17260,17261,17262,17263,17264,17265,17266,17267,17268,17269,17270,17271,17272,17273,17274,17275,17276,17277,17278,17279,17280,17281,17282,17283,17284,17285,17286,17287,17288,17289,17290,17291,17292,17293,17294,17295,17296,17297,17298,17299,17300,17301,17302,17303,17304,17305,17306,17307,17308,17309,17310,17311,17312,17313,17314,17315,17316,17317,17318,17319,17320,17321,17322,17323,17324,17325,17326,17327,17328,17329,17330,17331,17332,17333,17334,17335,17336,17337,17338,17339,17340,17341,17342,17343,17344,17345,17346,17347,17348,17349,17350,17351,17352,17353,17354,17355,17356,17357,17358,17359,17360,17361,17362,17363,17364,17365,17366,17367,17368,17369,17370,17371,17372,17373,17374,17375,17376,17377,17378,17379,17380,17381,17382,17383,17384,17385,17386,17387,17388,17389,17390,17391,17392,17393,17394,17395,17396,17397,17398,17399,17400,17401,17402,17403,17404,17405,17406
74,158,150,117,166,173,204,192,201,196,155,179,186,137,196,179,170,142,111,103,179,210,219,173,142,179,222,230,206,192,234,196,120,53,53,111,94,60,120,142,137,111,120,72,103,142,111,173,186,39,103,192,177,119,74,13,128,165,111,147,102,59,66,59,46,59,111,119,158,165,128,86,102,74,66,165,238,222,231,137,94,142,137,140,128,111,128,128,119,111,111,86,74,46,41,102,41,46,59,74,119,173,186,165,137,158,179,206,192,142,150,125,111,94,102,142,210,225,196,137,142,219,228,186,158,158,165,172,222,215,179,206,201,186,179,201,172,179,172,210,196,219,228,215,201,192,192,165,150,102,66,74,111,128,158,240,179,219,196,210,40,46,52,102,192,225,242,192,102,86,119,142,196,172,111,210,165,210,240,66,172,111,160,215,206,196,215,215,240,243,111,94,186,186,86,136,102,158,136,111,142,128,86,122,111,94,128,165,179,201,136,102,128,142,136,136,128,62,192,228,142,128,206,215,206,172,136,136,119,88,73,81,102,172,165,66,73,73,128,128,158,119,128,150,119,128,179,179,172,145,102,86,83,66,94,119,102,102,102,111,102,102,179,119,94,119,86,110,128,186,186,158,158,158,142,86,192,172,150,142,165,179,186,128,128,59,94,86,86,81,73,42,81,110,102,23,46,46,46,66,110,158,136,102,86,150,150,165,172,158,150,210,223,186,179,102,110,119,110,142,136,145,175,160,192,186,206,223,119,81,150,172,165,142,172,142,119,179,201,157,197,219,242,234,248,219,142,81,59,52,23
222,190,120,111,192,173,166,186,142,74,128,117,150,103,173,179,179,166,111,95,173,219,201,192,206,225,234,206,186,150,166,94,103,111,32,81,60,27,94,111,81,81,66,81,128,94,74,142,179,66,46,137,142,94,32,46,108,111,137,155,53,41,94,64,66,64,86,137,137,170,186,158,86,86,66,142,128,142,137,81,66,128,137,100,102,119,150,179,165,111,74,41,66,94,66,137,86,111,66,142,173,158,186,173,137,142,186,158,137,128,128,150,94,102,150,128,192,236,222,186,128,179,210,192,165,142,165,201,219,172,128,210,201,165,142,179,201,186,158,158,192,196,215,206,231,245,242,158,111,102,59,94,59,186,111,231,238,225,215,186,66,48,94,74,150,201,238,192,94,150,102,119,231,219,150,172,186,210,219,66,201,136,206,142,150,179,210,236,243,210,81,105,158,223,165,59,94,196,179,142,40,150,119,86,94,111,136,196,172,86,192,179,136,165,165,150,165,66,136,201,150,136,186,192,150,158,142,81,59,86,102,111,128,165,119,52,73,73,111,142,94,94,86,136,165,102,128,111,128,119,102,102,81,52,119,128,42,59,40,46,52,145,119,150,136,86,119,128,136,158,150,119,136,119,128,158,196,128,206,179,172,165,229,165,102,208,196,136,94,40,46,59,66,94,19,59,66,19,52,73,136,110,136,88,46,59,110,128,110,110,131,165,158,142,160,150,94,81,110,94,192,196,157,206,165,186,223,201,179,136,172,157,150,113,88,157,150,172,201,160,219,223,219,243,219,119,52,73,94,94,86
166,150,196,158,142,142,95,150,150,103,81,120,158,215,120,236,158,103,128,179,179,196,215,201,150,173,150,86,196,179,111,108,66,81,46,60,74,53,60,119,81,57,94,137,128,86,66,111,128,86,119,170,142,142,74,66,86,74,111,119,46,41,119,119,74,74,81,142,165,196,210,192,86,142,66,119,147,86,81,41,52,81,142,158,158,206,158,111,206,173,32,27,119,111,102,94,111,119,74,128,150,206,219,192,186,119,71,137,128,142,128,137,128,158,165,86,201,225,206,179,150,119,137,137,137,119,158,210,165,158,150,142,119,158,111,165,206,142,196,179,150,192,192,215,222,231,196,158,119,128,128,86,66,137,186,225,219,210,206,172,66,66,23,59,86,201,219,172,74,86,165,231,231,196,142,179,223,234,179,59,229,223,74,119,158,192,142,142,210,165,74,158,81,215,94,192,19,215,94,128,128,66,102,165,172,158,142,158,228,234,136,192,215,196,150,182,136,94,136,128,81,119,158,186,111,86,86,40,46,59,59,119,136,128,136,59,52,59,145,136,81,94,102,136,165,111,81,48,81,142,136,86,94,94,119,142,40,27,94,102,102,119,88,186,119,139,172,172,150,150,119,73,73,160,168,172,150,186,179,196,119,158,196,179,172,122,206,165,119,73,46,54,40,110,110,59,59,35,94,186,128,192,110,52,35,15,59,66,46,46,40,66,94,119,150,128,94,81,150,165,206,165,182,172,157,172,219,201,142,136,128,186,157,150,145,136,165,201,192,142,215,206,208,232,172,119,157,157,157,196,215
137,196,186,196,148,140,111,108,137,86,74,158,166,86,213,111,201,137,150,206,234,186,137,179,150,94,158,158,128,150,128,142,86,86,120,32,27,46,94,66,81,94,86,137,142,111,111,111,137,86,102,142,158,192,111,32,111,142,79,74,74,35,86,111,86,111,111,119,173,215,196,142,173,150,119,137,173,111,59,52,66,86,74,111,165,192,158,94,196,137,57,119,74,81,66,81,74,142,165,117,128,201,222,196,142,102,74,111,128,142,219,179,201,150,137,111,165,231,234,158,150,86,119,111,111,165,142,137,142,142,137,74,119,111,179,215,192,158,222,201,186,186,196,219,206,192,165,192,196,137,128,102,111,128,137,192,215,206,186,179,86,66,59,81,137,194,210,201,119,94,168,223,231,219,172,206,236,234,158,46,102,201,196,215,136,128,94,86,94,158,165,128,74,165,165,102,128,210,74,186,158,192,179,94,179,172,136,219,215,102,136,196,225,210,142,136,201,186,136,68,46,150,59,81,111,81,96,102,119,81,73,192,165,96,111,136,52,73,128,128,128,139,172,136,86,94,94,66,81,136,136,128,136,119,142,187,201,158,206,215,158,81,94,131,136,186,179,158,142,110,66,102,165,182,158,150,201,186,136,186,110,136,150,179,196,168,165,186,172,139,59,66,119,139,168,59,66,110,150,136,128,128,96,110,61,35,4,46,86,86,48,40,66,119,136,73,81,86,157,186,186,210,220,172,192,179,172,94,59,86,128,150,110,102,102,86,128,119,215,179,157,119,215,206,150,165,196,206,194,186,186
64,201,186,213,179,74,142,128,111,86,137,72,210,204,166,196,196,158,150,228,225,179,103,158,158,53,74,179,120,128,179,86,103,94,103,46,41,74,66,74,86,86,74,111,137,103,119,128,94,137,111,111,142,137,111,74,59,81,94,81,81,86,81,128,137,137,111,94,126,179,196,158,179,196,196,142,183,137,53,86,94,117,51,81,137,128,150,142,128,111,66,74,74,119,92,142,119,142,81,119,137,196,222,219,119,81,111,111,137,165,234,231,244,158,172,94,119,253,224,201,142,142,119,86,94,186,142,59,150,172,172,111,111,74,210,243,201,215,186,201,137,192,210,215,206,165,165,210,210,142,74,102,81,52,165,196,215,215,201,179,128,119,128,119,86,86,150,186,111,86,172,223,238,150,102,150,196,223,119,66,142,142,142,136,158,150,150,111,186,210,172,136,158,165,179,165,52,150,201,201,119,142,111,179,165,172,165,158,94,52,81,142,240,240,86,128,206,192,172,111,128,150,158,172,136,142,119,111,111,142,201,150,111,179,172,179,81,81,111,73,128,150,192,158,86,113,102,86,68,86,111,136,102,142,192,206,242,194,215,201,158,86,81,102,128,172,139,136,131,111,128,119,150,172,172,192,192,186,196,168,165,150,158,175,158,142,172,206,206,201,152,86,119,128,102,81,94,110,128,86,110,119,81,158,81,75,73,35,59,66,81,37,40,102,136,81,81,102,157,192,179,247,223,203,150,150,94,81,66,66,102,110,46,66,119,86,81,110,192,136,172,128,172,157,128,187,192,215,150,94,119
74,166,179,186,196,111,134,120,51,128,111,95,190,128,166,186,137,166,158,228,166,158,120,111,142,137,150,94,60,206,94,94,94,41,128,27,27,32,35,53,60,86,74,158,158,111,103,81,74,111,119,137,81,66,111,111,59,46,53,74,53,46,86,158,206,173,142,201,196,128,196,206,196,201,206,142,192,142,59,102,179,158,86,111,142,94,119,186,150,94,52,52,142,165,158,179,119,86,111,158,179,179,219,219,165,142,196,179,165,196,222,222,244,186,173,111,165,234,201,222,172,150,142,74,111,201,186,111,150,179,165,150,81,94,150,242,231,196,179,201,142,158,201,210,210,172,150,196,210,165,66,94,81,111,158,179,196,206,196,102,172,215,196,142,66,66,81,111,201,102,158,206,206,165,102,83,150,186,158,81,35,32,111,192,201,158,192,186,150,210,186,142,136,119,158,128,128,186,172,150,192,102,128,165,150,86,81,94,142,128,102,158,247,196,52,136,172,182,150,136,142,142,201,136,206,136,94,128,201,206,186,208,94,236,196,172,128,128,86,136,94,136,165,150,94,86,73,52,52,119,136,113,136,81,201,175,158,102,210,139,179,128,102,94,111,94,110,110,102,128,172,113,136,201,165,219,206,229,186,210,219,201,179,165,128,172,206,210,215,192,142,128,119,81,68,86,119,81,52,110,52,59,102,122,94,59,46,37,27,27,66,52,46,73,81,94,59,86,172,175,219,242,215,96,128,136,54,110,128,52,66,73,46,86,66,94,66,110,172,128,157,81,94,136,119,139,136,128,94,102,119
74,86,150,196,166,158,95,103,142,137,137,137,137,137,137,95,128,94,166,83,150,120,142,158,150,142,86,94,186,128,120,103,142,94,35,53,46,66,53,46,35,46,137,111,119,165,119,35,103,128,94,94,81,66,53,103,41,102,81,46,46,94,102,128,217,222,201,244,219,215,186,192,225,150,228,186,173,158,102,165,150,186,173,192,150,66,158,234,179,66,66,158,117,137,201,165,94,94,150,192,192,179,231,230,196,210,236,225,186,150,186,196,201,201,158,140,94,111,186,186,119,179,201,150,111,150,196,137,128,192,165,186,94,94,119,201,228,165,158,186,179,165,201,225,179,150,142,186,225,186,94,111,81,142,111,196,119,172,102,86,186,206,158,119,81,66,119,201,206,119,172,186,192,158,150,158,136,136,142,52,119,119,128,201,172,142,160,165,186,150,150,81,215,172,215,225,136,165,165,172,225,172,111,111,102,102,73,94,192,232,94,142,234,186,111,66,179,219,119,102,172,172,158,179,186,119,128,172,136,136,102,150,165,128,142,94,102,102,142,201,81,196,150,206,111,142,86,66,94,94,94,172,201,52,142,81,86,150,234,179,119,158,165,111,102,86,119,119,119,136,165,192,175,142,165,232,215,242,215,232,186,201,172,196,172,194,215,223,172,119,119,136,86,86,136,136,142,66,52,61,46,59,102,86,165,94,52,59,52,52,31,52,110,94,46,73,35,59,86,81,136,94,110,46,88,102,52,35,102,66,66,86,96,83,48,88,46,96,128,73,102,94,52,88,86,75,66,73,86,83,102
95,86,215,225,192,213,158,111,150,142,150,137,128,95,111,142,86,86,120,74,206,166,120,201,179,86,120,142,128,166,142,108,120,120,111,94,86,16,41,32,27,60,53,137,165,142,81,41,86,128,41,74,46,53,186,19,210,119,41,35,66,81,81,119,186,228,228,234,242,165,179,243,215,142,242,158,173,173,119,119,165,210,219,179,137,119,234,242,94,81,150,158,86,225,158,173,158,179,173,94,137,206,228,222,201,215,225,186,142,46,19,142,201,196,165,142,59,66,179,142,94,179,215,158,119,142,158,137,128,210,201,172,81,52,81,150,201,179,158,142,158,196,222,228,196,119,142,210,225,179,94,111,74,137,142,158,119,150,74,142,74,111,111,128,128,94,150,210,210,136,186,222,231,243,165,158,179,165,111,165,111,206,74,119,165,172,172,150,165,150,102,66,208,219,225,201,172,136,142,165,172,179,210,206,142,150,119,81,158,238,192,172,232,165,94,179,196,158,172,142,136,142,111,111,142,102,94,119,119,136,179,215,165,66,94,94,150,102,192,158,172,225,201,206,168,186,210,165,160,158,128,119,210,172,73,59,111,59,94,128,102,232,197,128,102,86,192,172,150,179,165,165,175,119,220,201,232,242,242,172,110,152,119,172,201,223,215,206,150,119,165,142,136,186,172,119,158,86,59,73,66,52,81,81,210,142,81,119,94,46,61,102,136,102,46,75,31,46,35,31,88,81,46,37,35,46,102,66,23,94,136,86,59,81,102,48,35,46,73,52,81,94,35,59,35,33,54,81,66,66,104
103,166,228,234,206,210,192,137,103,142,137,103,111,111,150,173,158,142,103,120,120,148,150,179,179,94,92,103,142,150,120,179,137,177,137,81,111,60,46,74,41,46,111,137,165,103,60,66,74,60,86,86,46,86,94,94,102,32,74,33,81,53,41,86,179,222,225,196,238,243,210,250,219,206,206,201,165,201,192,165,215,201,165,173,150,137,215,238,86,173,150,158,201,206,119,234,179,228,102,27,86,179,206,192,165,179,111,35,52,3,3,137,219,192,137,142,102,74,150,142,102,158,192,150,102,142,142,137,119,192,215,128,35,35,59,170,186,128,150,137,86,111,206,234,228,111,74,196,225,196,142,86,137,165,142,111,150,158,150,150,119,111,137,128,142,119,142,196,192,119,165,219,215,231,201,186,215,150,136,179,158,168,128,119,172,196,186,208,179,119,128,186,158,74,197,111,150,172,86,186,150,186,201,219,172,136,86,59,145,196,179,228,210,165,136,128,150,201,172,136,119,201,179,73,111,158,136,81,66,150,201,186,179,136,142,52,94,102,150,186,192,215,215,201,248,225,201,215,172,192,158,111,172,210,158,94,196,128,128,136,150,219,186,158,142,142,172,158,160,192,172,160,192,212,196,225,248,237,223,172,102,52,102,94,168,223,215,186,172,172,172,179,201,186,110,142,128,160,119,52,81,54,73,128,201,206,150,157,136,86,128,165,119,110,122,86,83,73,23,52,110,68,12,46,52,35,31,46,66,102,122,73,86,102,35,52,40,31,59,81,27,35,40,40,35,27,59,81,66,86,73
111,142,194,244,233,179,142,128,86,128,137,86,137,215,150,179,192,142,173,142,120,150,137,120,137,128,103,155,166,150,186,192,150,94,128,81,46,86,53,53,94,86,92,81,119,150,103,60,53,94,83,86,86,53,59,102,74,53,27,41,81,86,86,111,206,235,215,210,238,224,150,243,254,201,186,242,94,150,201,215,158,158,186,179,196,173,179,215,186,66,147,215,186,196,210,186,179,186,119,158,158,158,165,137,158,186,81,27,46,19,59,128,228,158,137,172,137,102,137,119,119,128,186,128,74,111,142,137,119,201,228,128,35,40,74,183,94,94,142,81,59,52,102,225,219,137,81,172,228,219,165,142,142,119,142,172,128,150,142,137,210,196,150,86,119,186,172,179,179,128,102,128,165,201,210,165,158,142,179,111,172,142,179,142,172,210,201,172,186,158,179,234,111,119,119,192,172,119,81,223,179,186,179,179,201,102,68,35,73,201,168,208,142,81,150,128,232,66,73,94,96,94,94,158,158,142,136,94,102,203,244,236,186,136,203,136,102,158,165,172,223,215,219,192,158,186,172,186,172,128,150,136,145,150,206,243,201,119,172,158,102,110,223,225,142,66,113,128,158,194,206,186,201,226,206,242,245,223,186,197,86,119,94,94,119,203,223,192,179,186,179,192,160,179,186,160,158,86,136,86,81,46,96,136,201,223,186,150,168,165,142,110,136,150,73,86,194,102,35,150,83,46,31,86,27,35,61,102,81,102,119,128,73,52,86,66,86,66,40,73,52,35,66,52,37,35,31,59,94,86,48
66,166,222,234,209,150,95,117,120,150,108,158,137,173,128,150,66,158,190,158,120,158,150,142,128,128,111,150,166,166,179,150,192,111,137,53,19,46,150,74,86,74,53,111,111,108,81,60,53,71,66,94,103,41,74,86,66,32,66,66,86,81,94,128,186,222,238,210,196,215,199,222,236,201,225,222,173,158,192,222,119,137,215,210,170,186,186,179,94,150,150,215,201,222,206,147,186,228,137,158,173,173,111,94,119,173,219,192,173,192,128,142,186,128,119,150,128,158,86,137,111,158,179,66,59,119,128,119,158,234,247,158,46,52,74,142,111,142,94,111,46,46,81,201,234,206,137,94,201,196,186,142,66,52,102,158,81,81,102,111,186,219,158,102,172,201,165,196,222,172,111,66,128,165,136,86,86,172,119,86,105,128,158,111,136,186,192,186,201,165,158,219,187,142,165,208,86,86,81,179,150,206,165,102,86,81,66,66,81,186,172,192,150,172,66,179,179,225,131,52,142,73,186,128,86,136,119,59,86,179,232,232,179,94,81,172,52,186,86,175,210,206,192,210,196,172,175,128,142,142,111,119,165,128,172,223,223,94,165,172,150,179,215,215,208,110,75,119,158,142,165,215,215,236,238,223,236,179,206,196,110,215,102,142,142,128,158,201,212,206,192,186,172,172,165,150,160,59,128,136,66,59,102,110,225,219,192,150,142,110,81,81,136,136,40,113,234,157,86,66,128,136,94,86,81,52,46,168,179,157,165,94,110,86,66,102,139,81,113,27,40,94,31,40,59,86,88,59,119,119,52
53,166,225,194,173,179,166,120,158,126,128,201,103,142,74,137,32,173,95,158,150,186,166,150,128,86,142,120,128,186,186,142,186,150,94,81,103,46,111,86,111,142,120,86,60,53,74,74,111,111,46,119,119,41,81,81,59,74,59,59,59,150,117,79,186,244,228,192,137,119,150,206,186,196,210,179,128,150,179,165,119,147,210,186,142,186,192,179,86,41,111,179,186,173,179,215,244,179,94,94,158,206,81,27,86,225,247,219,158,150,142,201,165,137,102,142,165,102,111,137,111,179,158,41,52,94,94,158,179,228,244,179,35,66,40,111,150,128,165,192,119,81,137,201,228,201,172,128,158,179,196,102,40,74,32,40,46,81,137,119,122,206,179,128,179,165,172,225,231,158,86,94,119,128,74,86,119,142,94,81,119,94,102,86,102,165,210,223,165,111,142,196,201,142,142,186,86,40,74,81,128,86,128,111,48,81,150,59,59,165,179,158,206,128,46,210,196,228,165,136,119,128,165,136,81,142,172,81,94,192,245,210,201,73,215,52,172,81,210,119,136,131,196,136,158,86,142,142,111,111,86,94,86,136,168,238,128,150,102,179,128,201,196,210,179,94,66,119,158,142,165,186,244,212,223,210,223,208,102,165,201,225,186,142,152,119,158,223,206,206,186,210,206,102,165,186,94,102,86,128,110,59,88,86,210,179,172,81,81,119,128,150,119,119,128,206,201,157,142,102,182,172,86,119,102,102,119,119,128,119,172,165,102,136,73,157,136,86,102,68,66,40,40,35,102,128,102,37,61,128,94
103,108,166,170,120,166,179,120,142,158,137,142,179,158,103,148,128,108,81,192,192,158,128,142,128,66,74,120,142,192,179,173,142,158,111,120,94,46,41,103,103,81,128,86,60,81,53,83,102,119,41,126,46,74,53,83,74,137,59,111,142,165,165,170,158,179,196,192,137,111,111,111,158,150,158,194,196,86,94,74,111,111,142,206,201,158,165,150,86,86,150,128,119,183,225,173,201,179,52,81,186,210,94,27,52,227,231,102,111,186,179,201,196,219,172,172,158,201,172,35,172,119,92,59,32,41,81,137,165,219,222,179,41,102,32,111,119,137,196,196,158,158,150,186,238,215,137,196,215,231,210,192,86,59,35,59,74,128,81,86,206,179,142,119,150,158,150,210,172,136,142,81,128,119,81,111,119,136,94,81,136,81,86,111,119,158,223,225,172,102,119,165,175,119,165,225,111,40,94,86,52,81,136,165,94,94,172,81,27,119,179,201,219,192,150,119,196,215,196,172,66,158,128,150,165,142,96,66,76,197,210,228,196,172,119,119,35,179,196,186,158,81,150,142,150,105,142,206,119,111,136,59,102,186,210,165,158,86,201,179,94,201,228,234,165,150,111,110,158,172,192,165,142,196,239,215,192,201,215,172,186,219,234,165,136,158,208,210,158,179,192,128,142,210,196,150,86,96,139,165,128,136,110,66,81,81,105,59,157,242,229,196,165,150,215,215,110,128,186,119,110,157,75,94,136,206,136,52,86,136,150,157,130,179,215,201,201,110,150,96,40,73,46,27,59,86,119,66,81,128,104
111,134,103,128,137,137,140,142,186,186,150,137,128,137,192,158,158,86,150,186,142,103,111,158,111,81,94,120,142,103,186,158,126,111,120,94,74,53,46,60,94,44,86,81,53,103,94,186,155,60,103,81,60,46,60,111,86,158,137,102,158,201,201,201,206,158,206,206,119,74,128,158,142,128,165,111,210,83,46,52,111,142,66,81,158,186,158,165,128,186,165,119,158,196,137,128,158,86,111,81,196,219,94,13,27,201,238,172,137,179,158,192,240,165,158,142,111,150,128,74,111,66,52,66,59,23,59,158,201,206,210,186,102,102,35,94,66,192,158,94,81,234,196,192,240,172,94,228,245,240,215,179,179,74,165,192,137,137,86,111,196,158,128,128,94,136,102,81,165,219,165,46,128,86,179,102,74,165,128,59,86,102,74,111,145,158,186,210,196,136,81,150,196,158,142,244,210,94,102,102,136,165,172,196,165,158,172,128,52,73,219,240,186,136,150,128,158,215,196,186,142,94,172,201,186,150,102,66,128,210,197,182,172,128,150,128,150,150,172,238,81,172,128,111,150,81,128,201,201,119,111,111,136,236,182,219,150,150,128,192,186,94,228,179,192,206,110,119,196,158,158,192,215,201,201,206,219,186,201,210,136,128,238,165,150,210,215,196,158,158,182,210,201,215,165,142,102,94,142,110,158,145,105,81,110,46,35,157,242,251,234,215,206,201,223,206,119,119,150,83,119,182,119,94,142,210,128,110,157,192,142,157,186,172,196,192,223,157,150,81,59,52,81,35,73,46,119,68,66,52,73
137,158,142,111,173,142,111,142,219,234,173,95,53,103,179,128,111,128,103,108,94,103,111,111,94,86,94,94,120,86,128,81,150,103,103,39,119,53,60,46,81,66,35,60,60,103,158,111,74,74,103,81,100,66,66,81,94,111,150,111,128,228,158,173,179,142,173,206,137,128,119,179,173,150,119,81,158,111,81,81,35,100,150,201,196,142,137,192,196,158,201,142,179,179,111,74,81,86,32,81,236,222,94,59,86,142,219,206,111,137,192,215,215,142,128,150,102,94,81,86,52,46,52,59,102,86,94,192,225,240,222,206,158,52,46,81,81,201,186,150,94,210,225,228,231,150,137,201,206,186,128,158,150,137,222,231,158,192,86,158,186,150,158,158,102,136,142,142,232,231,172,158,66,179,150,86,94,150,136,111,59,102,102,119,158,165,196,225,206,119,27,136,172,158,105,252,236,128,81,165,196,192,196,196,179,136,186,142,40,102,201,210,165,158,66,81,179,225,179,158,119,86,158,210,223,158,136,66,73,179,186,105,102,139,150,111,119,128,186,219,168,86,73,102,119,165,201,232,210,119,94,142,119,228,172,206,206,201,142,196,179,102,186,158,150,145,145,150,196,196,186,150,179,172,196,201,238,196,196,196,165,186,186,245,158,186,225,192,192,215,201,196,179,179,142,186,66,139,150,86,86,86,86,119,94,59,66,179,219,206,196,223,223,131,192,210,206,165,192,119,179,179,145,105,142,197,172,175,168,201,165,102,110,81,46,110,179,157,128,128,192,186,150,81,96,94,73,119,81,46,94
150,137,142,108,158,179,103,120,231,236,173,92,103,103,81,142,173,128,86,117,142,103,66,64,94,81,103,142,173,158,103,81,142,142,86,60,111,53,53,53,60,35,32,81,111,81,94,53,74,103,81,111,119,66,86,32,94,102,102,158,179,192,206,158,119,150,215,186,165,111,111,137,209,137,196,158,158,137,74,41,52,81,94,94,150,165,128,119,179,119,228,128,119,94,59,128,86,19,74,165,228,225,206,201,111,86,119,142,128,94,172,210,102,35,172,119,179,86,46,83,86,81,119,102,52,102,210,206,225,251,222,128,179,142,74,86,137,165,142,86,186,222,206,234,231,186,150,165,158,119,86,137,94,158,158,179,128,150,165,158,165,196,196,192,172,186,192,172,231,249,215,165,74,172,128,136,102,102,196,165,52,81,128,136,150,179,210,234,158,46,40,94,59,136,102,238,231,102,81,102,196,232,196,165,172,136,172,215,142,119,119,186,160,165,66,186,158,223,172,136,150,94,128,196,201,165,102,59,94,179,179,119,119,158,158,196,158,150,196,201,210,136,59,102,192,228,196,179,192,158,111,111,142,179,196,142,201,186,165,201,196,196,186,119,179,102,142,158,119,201,186,128,175,158,186,179,228,251,201,223,158,215,206,208,210,192,206,142,201,232,194,172,192,206,119,165,168,75,110,128,86,66,81,119,86,128,131,110,110,110,150,179,210,179,172,196,237,210,206,136,192,142,186,94,157,172,119,136,150,196,179,81,52,31,86,102,94,94,110,210,225,201,175,94,110,122,128,157,86,73,122
201,166,103,74,142,201,142,103,158,231,201,128,150,74,86,173,137,103,137,103,128,166,137,166,206,166,192,213,206,210,196,179,186,192,150,103,94,53,53,74,60,35,46,103,111,86,66,86,60,41,66,111,74,59,94,34,53,102,86,158,165,234,222,142,137,179,196,215,128,128,186,128,173,219,222,137,150,137,111,52,74,66,102,150,173,192,165,147,150,111,94,201,137,27,201,86,137,94,35,81,206,234,231,238,172,66,94,119,150,52,179,81,81,119,196,119,225,150,102,102,219,219,142,119,192,201,215,165,192,222,238,158,111,102,150,102,111,40,119,192,201,222,172,201,206,142,137,172,150,158,150,186,158,111,179,172,128,150,219,165,172,219,206,236,242,231,196,172,228,253,206,102,119,158,179,102,142,142,172,94,74,136,94,122,172,172,165,158,102,81,102,35,94,81,86,165,210,74,94,94,210,236,158,102,196,215,206,242,238,119,94,192,142,94,139,111,158,145,128,158,158,142,142,165,172,172,59,10,81,160,196,186,201,158,179,228,201,192,206,206,234,165,86,111,186,219,186,175,215,179,111,119,111,158,172,172,142,136,142,206,228,165,119,158,165,179,150,136,110,150,94,59,186,194,206,219,232,238,158,210,225,228,240,219,192,142,175,192,215,201,110,201,215,212,186,128,192,119,96,142,142,81,119,186,102,52,192,150,86,150,142,73,102,210,192,142,236,192,66,210,172,172,238,150,192,136,66,31,142,157,150,119,59,88,210,157,81,52,86,157,142,160,128,122,128,168,175,150,110,94,119
128,64,81,120,158,196,103,60,201,194,243,128,108,94,60,155,128,150,137,86,179,225,236,225,231,222,186,221,219,219,243,243,234,219,150,119,94,46,74,94,60,41,41,64,94,86,81,81,74,41,74,86,53,81,81,66,81,81,86,137,186,222,179,150,173,201,222,206,119,126,165,158,165,234,238,165,119,158,126,102,83,52,94,165,192,165,179,173,66,111,192,173,142,59,186,158,9,173,102,108,215,228,225,238,201,137,201,201,150,186,94,158,111,150,179,215,192,222,142,172,201,240,150,86,236,238,158,222,150,142,94,172,102,128,102,94,111,81,19,94,196,228,201,179,201,206,142,94,165,186,196,196,192,225,206,201,219,219,225,219,158,186,219,247,253,242,172,186,225,244,206,86,111,136,186,150,128,136,136,128,86,111,94,119,142,111,94,102,94,94,119,59,119,102,94,136,179,128,128,172,158,192,158,94,150,225,228,225,228,136,114,186,40,102,128,52,136,46,102,206,179,136,136,186,158,122,59,23,73,165,223,192,210,179,186,225,223,158,179,206,236,119,31,111,192,179,160,192,225,210,94,128,158,186,165,196,192,150,136,206,223,196,172,172,150,145,136,165,186,136,179,172,165,206,206,179,201,196,212,179,223,225,206,150,119,66,196,243,201,94,102,150,196,232,201,150,110,172,158,150,110,142,136,136,179,152,192,223,206,179,142,136,157,128,215,179,215,119,196,165,240,192,223,240,234,145,81,59,110,136,110,175,119,142,172,223,81,102,102,52,142,110,102,142,119,165,136,157,119,136,210
158,150,108,137,120,86,137,53,81,221,248,81,128,128,126,120,142,173,128,128,173,217,219,206,194,219,179,142,201,158,173,192,210,140,137,119,74,41,66,74,35,46,35,53,100,66,66,74,117,46,46,60,39,119,142,173,150,86,86,137,186,206,201,165,165,186,206,206,158,119,137,158,196,215,210,119,111,173,165,147,94,83,81,158,201,186,173,150,74,94,142,142,111,102,158,94,74,86,128,179,94,158,210,206,186,179,186,206,192,210,158,172,111,142,196,192,248,165,196,219,192,210,172,165,192,222,234,142,86,46,128,150,66,150,137,150,137,66,23,19,150,215,186,196,192,172,179,165,196,219,201,222,192,137,231,225,210,219,210,196,119,219,236,250,251,201,111,119,192,240,225,81,74,86,172,142,66,119,119,119,81,94,111,81,86,119,81,81,94,111,150,142,150,128,128,119,196,196,94,119,142,111,94,94,94,172,215,201,158,165,158,150,32,128,66,94,46,86,86,186,142,111,111,179,186,111,81,86,102,186,192,165,172,179,119,179,111,172,158,179,179,81,66,111,172,142,111,210,240,168,119,128,128,128,179,219,210,172,142,206,179,196,136,150,165,136,150,192,206,192,179,172,203,219,210,232,232,196,196,203,206,239,215,158,150,119,186,243,236,219,220,203,215,210,179,172,150,128,110,186,94,66,86,86,35,81,196,219,215,142,136,242,201,59,186,229,186,196,223,110,242,142,240,245,236,142,157,102,102,157,172,172,150,102,179,192,83,110,96,94,102,136,59,128,73,136,110,102,94,165,238
192,204,206,196,228,95,35,128,120,194,201,173,166,150,81,95,163,120,94,60,92,166,150,158,158,86,94,173,86,74,66,128,103,111,74,81,41,46,35,41,41,35,35,81,119,57,79,81,74,27,46,59,53,86,192,199,179,102,94,158,179,225,201,158,142,158,186,206,196,142,111,165,196,206,179,111,94,179,215,186,128,137,86,128,196,201,158,128,94,119,128,52,102,192,102,41,41,128,192,128,32,35,74,158,158,158,192,206,234,192,219,128,196,150,192,249,196,234,201,222,192,215,231,192,128,210,243,179,94,66,52,119,111,186,222,192,196,81,3,94,94,111,128,186,206,165,150,186,179,196,228,210,137,119,210,165,165,165,210,158,137,215,238,248,243,150,52,74,158,210,201,94,102,94,66,94,102,86,102,94,74,83,86,94,111,94,102,119,111,158,192,172,142,158,128,128,231,186,73,94,136,142,94,81,86,128,150,186,186,158,179,172,136,48,33,102,150,150,136,139,136,165,86,150,172,128,119,136,142,172,128,136,165,150,66,192,119,150,186,196,102,136,73,73,142,128,119,223,234,128,136,136,150,119,179,186,150,94,131,223,179,196,102,172,86,136,179,192,142,165,201,192,224,219,238,247,232,192,128,206,242,242,232,136,136,196,158,206,248,241,175,119,206,219,186,172,179,94,110,119,142,142,142,40,31,136,196,203,165,179,179,186,179,102,165,223,196,157,206,142,219,201,242,223,142,128,186,157,81,110,165,130,110,142,66,172,152,59,59,128,66,102,73,136,88,110,128,86,119,196,201
215,238,201,222,240,196,19,46,92,120,158,142,186,103,126,137,120,86,86,120,150,142,94,74,94,103,94,103,137,94,74,120,66,66,150,46,60,86,41,46,35,41,35,111,103,41,74,74,27,46,74,27,81,66,150,210,128,142,150,150,128,150,179,142,128,142,201,228,165,142,137,179,137,196,128,179,142,165,137,173,137,111,111,128,150,186,150,137,137,66,46,44,165,158,59,27,59,94,158,102,23,32,46,142,201,201,225,179,179,201,219,119,74,179,219,186,165,215,206,201,201,206,201,179,172,165,201,165,102,128,142,210,158,222,201,210,231,66,150,40,94,46,142,142,111,59,86,102,94,192,234,172,201,111,128,119,128,179,158,111,219,150,172,215,172,111,136,74,86,136,215,192,150,32,66,94,158,136,128,74,111,111,142,165,136,119,179,165,136,172,212,136,102,186,136,158,228,172,128,158,172,150,119,81,86,142,201,179,119,94,119,186,158,46,52,192,206,150,150,136,152,152,150,119,94,128,136,128,136,136,136,94,158,111,111,111,182,136,179,186,119,86,111,128,102,94,119,186,210,172,94,119,201,172,150,179,73,113,150,201,192,206,136,142,186,203,196,142,142,119,179,158,215,192,232,247,215,219,219,234,243,236,219,212,186,192,172,186,235,239,234,165,186,206,168,158,172,119,192,102,145,196,179,128,102,179,197,192,142,179,196,136,102,110,113,220,192,157,186,210,219,232,223,210,102,86,110,88,66,73,119,142,102,94,172,232,223,81,81,172,31,136,165,136,119,94,160,66,83,192,182
219,225,183,192,240,196,81,53,86,128,179,173,120,128,142,137,120,103,137,158,142,103,103,86,103,128,142,111,81,150,111,74,120,41,150,60,60,74,74,66,27,53,103,94,86,46,86,32,46,86,86,35,137,59,158,150,119,111,137,119,81,111,179,128,119,186,186,201,81,196,94,119,173,196,137,231,137,165,46,137,140,79,81,86,142,173,150,111,142,52,94,86,111,111,74,46,74,137,173,119,32,32,52,111,228,231,128,94,150,210,215,165,102,137,196,119,94,158,210,192,158,179,158,59,102,196,94,74,119,210,196,142,186,215,206,206,119,158,210,201,128,119,128,94,59,137,102,81,119,206,210,111,94,179,186,111,219,158,196,192,32,66,111,119,179,186,40,74,165,111,179,201,228,172,186,158,196,210,158,74,179,158,172,196,150,158,201,196,158,186,192,142,119,165,172,172,206,165,150,231,192,136,102,94,94,128,206,192,122,81,128,192,196,158,186,219,197,142,136,150,128,139,201,128,73,158,158,128,111,142,165,111,119,142,119,59,206,142,158,158,136,128,179,150,102,86,136,172,179,142,94,102,179,142,201,111,19,86,150,172,192,172,186,136,172,179,142,102,158,215,192,196,201,210,196,226,206,219,219,197,206,215,219,229,192,158,196,196,219,192,110,179,142,158,192,160,165,179,136,165,150,186,201,157,192,142,179,223,179,172,196,179,128,73,172,229,150,128,157,196,223,225,196,165,119,73,52,86,83,59,96,110,81,94,223,244,210,136,94,142,142,35,81,157,142,110,73,94,86,142,196
215,192,225,192,234,201,120,46,117,150,120,210,158,128,83,94,137,120,120,128,120,94,120,150,137,94,94,173,81,137,165,81,103,128,64,94,60,41,81,41,66,41,74,94,46,60,86,81,74,83,94,111,137,59,137,158,119,102,111,74,81,111,119,111,137,165,150,137,128,137,81,119,210,196,150,179,165,201,86,86,128,86,66,81,142,179,142,86,59,134,137,150,102,59,52,128,128,142,173,137,59,16,35,150,206,196,94,111,150,119,119,150,142,128,179,158,86,172,196,186,165,196,165,119,158,192,137,86,186,186,158,165,215,231,219,215,150,142,196,215,142,102,59,128,137,81,94,94,160,206,210,192,172,128,219,158,215,210,206,74,86,94,119,186,192,179,136,94,172,150,119,172,238,250,242,222,236,234,165,66,81,165,196,128,128,158,192,192,186,165,168,172,86,94,223,128,179,136,136,219,201,150,128,102,111,136,201,225,136,102,179,186,219,206,201,192,119,102,139,136,158,165,172,172,165,201,216,186,172,172,196,94,131,142,150,172,150,111,150,150,172,172,136,158,165,136,136,128,102,119,94,52,66,83,206,150,24,66,136,201,179,165,179,192,158,142,165,172,201,201,196,201,186,215,192,210,232,142,234,136,186,215,228,236,219,158,158,206,165,182,196,113,179,192,186,150,142,150,210,128,192,179,234,136,46,136,201,186,172,210,196,179,179,236,210,194,196,96,136,179,175,136,142,157,102,119,86,81,119,73,102,113,94,102,196,186,172,86,122,223,186,52,46,73,86,46,31,66,136,128,150
215,231,231,210,142,173,137,95,86,150,158,142,179,120,163,103,120,120,103,120,158,142,120,142,137,186,173,150,137,142,120,111,81,94,119,94,81,74,66,41,81,128,66,51,66,94,86,66,111,137,137,94,94,173,150,128,92,142,119,111,128,150,150,119,137,142,128,158,142,119,186,201,179,206,158,137,186,173,119,74,137,128,102,94,137,179,119,66,46,170,128,150,119,27,111,137,172,158,192,111,102,32,66,172,128,119,137,150,102,66,192,86,158,165,179,165,119,119,206,186,137,150,186,142,119,179,192,137,201,179,150,111,142,228,210,210,222,172,215,172,102,102,142,150,201,210,165,94,111,203,236,234,172,150,201,192,172,242,240,215,201,179,206,240,234,179,172,128,74,119,86,196,231,228,242,172,196,196,86,119,66,119,142,102,102,128,136,234,128,158,158,201,81,196,231,94,128,119,158,119,215,223,186,102,119,165,192,215,165,86,172,179,219,172,165,150,128,81,136,158,179,186,179,179,201,201,179,179,192,119,128,73,179,119,196,105,111,122,158,150,150,158,179,201,182,128,119,86,86,102,66,27,81,136,172,179,35,59,158,219,196,165,186,192,179,172,172,179,186,186,192,232,219,196,206,223,232,179,228,187,172,165,224,228,192,150,158,229,210,96,105,102,136,238,160,186,119,105,158,186,179,197,219,165,128,179,192,94,86,192,206,225,210,201,229,229,142,119,110,201,96,119,142,165,212,46,142,187,94,119,142,102,157,10,46,35,102,10,86,145,179,186,81,35,86,59,86,94,94,150,96
206,236,238,210,192,95,86,95,103,142,215,95,190,186,186,142,142,103,150,158,142,166,173,137,128,177,86,66,103,142,142,165,64,150,53,111,120,44,53,66,60,103,94,53,94,60,81,74,94,111,140,92,102,102,142,86,111,158,158,173,196,177,142,179,158,142,142,117,137,201,215,165,150,201,128,128,128,74,158,192,179,173,158,142,137,158,111,74,128,94,186,150,158,81,128,179,192,165,158,137,150,94,128,137,86,128,137,158,81,102,137,94,165,150,222,158,128,142,158,94,52,119,137,150,142,111,186,165,172,165,119,94,119,210,186,186,186,128,186,196,128,196,201,172,128,201,165,137,119,172,234,234,215,186,150,206,215,215,231,222,228,215,192,228,240,196,119,128,52,27,81,150,175,201,142,102,74,128,136,160,136,111,111,119,136,128,172,165,136,128,136,225,94,210,243,102,81,172,172,172,196,201,150,150,158,179,172,165,179,172,192,201,179,83,172,111,219,86,165,179,172,158,186,150,186,158,119,150,81,81,46,119,192,111,192,142,102,136,158,150,158,186,225,165,172,160,66,81,119,102,119,119,136,150,142,150,73,119,179,210,192,172,172,179,192,196,172,186,196,206,215,238,223,228,223,179,228,243,223,179,110,119,179,228,206,192,186,187,122,46,88,158,192,219,201,150,102,142,150,196,142,223,201,172,186,94,75,73,119,225,234,179,196,179,219,201,165,136,157,136,157,165,81,142,142,223,81,73,128,208,248,215,52,160,104,66,128,48,128,110,219,165,150,102,179,206,186,157,150,150,128
225,228,233,206,137,111,108,128,128,158,179,186,158,150,166,186,173,120,166,142,192,192,179,192,173,166,179,128,158,120,150,158,53,60,94,32,74,60,53,86,74,86,86,46,103,103,103,35,41,119,74,142,186,186,86,94,94,201,179,165,179,210,215,179,179,194,201,142,173,225,206,186,186,137,74,150,119,53,158,240,210,196,206,179,137,137,137,128,86,74,186,219,150,137,170,186,173,128,158,196,137,142,186,150,119,179,128,94,41,128,102,158,137,119,119,128,111,137,94,74,81,150,192,186,179,128,172,150,119,74,150,119,128,150,215,242,74,119,172,210,201,137,128,165,222,142,128,150,158,179,192,215,150,196,150,196,179,142,228,234,210,219,179,165,210,210,119,94,81,59,86,192,219,165,66,142,136,136,142,66,86,81,68,66,81,119,136,186,150,66,88,136,142,225,238,111,136,210,179,158,196,196,136,179,192,111,94,96,165,238,160,102,186,186,215,136,219,142,225,172,165,128,136,136,145,119,73,128,73,86,59,142,136,102,158,94,158,128,128,172,196,142,196,215,172,158,76,94,113,119,201,192,128,145,158,158,111,142,142,192,201,165,145,172,186,179,186,179,186,219,206,232,219,232,192,236,219,232,225,186,110,110,182,201,196,158,158,165,145,73,94,175,172,192,186,165,179,186,215,210,186,186,186,186,165,119,46,86,179,196,179,186,102,179,186,186,201,203,186,186,172,201,136,150,220,206,201,136,160,187,150,46,160,192,243,192,197,122,226,142,145,219,186,186,219,219,240,210,119,119,142
228,224,234,215,120,111,111,111,128,150,95,142,81,142,166,166,196,86,148,165,158,142,128,150,165,179,128,137,137,66,179,74,173,94,27,66,35,72,60,53,60,23,46,103,103,150,32,53,74,119,86,173,102,111,206,102,137,142,192,196,179,158,196,201,210,225,225,206,192,222,165,173,165,137,179,111,53,66,192,236,219,201,215,222,179,119,142,119,81,86,111,142,142,173,215,173,165,196,210,206,172,201,215,231,201,142,137,94,59,86,142,172,111,137,74,66,81,128,111,137,158,165,206,186,150,192,201,119,35,94,186,172,137,172,201,222,119,137,179,179,225,74,102,158,142,158,128,137,158,165,196,186,158,158,215,150,206,206,192,225,201,210,234,222,165,222,234,111,59,128,111,192,201,186,158,179,186,142,192,158,139,86,59,102,68,94,186,150,150,142,102,165,158,158,150,128,172,210,206,179,186,172,150,206,206,102,23,73,192,158,119,52,196,179,192,210,219,219,244,201,165,142,102,142,142,111,102,150,206,94,119,119,142,111,111,94,210,94,142,150,196,192,119,150,150,158,165,142,94,152,172,172,201,150,179,172,73,111,150,165,196,186,150,128,165,136,158,192,158,172,186,223,192,219,186,244,160,223,228,215,158,110,158,165,136,142,158,172,165,152,175,150,165,196,142,145,165,201,235,225,223,210,192,179,192,142,73,81,88,150,186,119,102,110,187,210,244,250,225,216,219,223,186,94,219,252,229,165,130,150,128,157,157,216,219,215,179,236,192,206,110,119,192,179,172,192,175,119,139,165,150
192,219,236,225,120,111,137,86,111,128,95,120,103,128,137,192,170,137,120,128,103,111,111,103,120,142,142,81,137,179,210,150,128,60,60,46,32,41,66,53,35,32,46,111,81,86,74,81,126,74,111,81,142,215,119,158,119,150,206,206,137,102,165,222,222,228,234,183,219,196,142,158,158,201,179,150,94,137,158,192,196,201,186,179,201,215,165,142,94,126,137,137,165,186,163,192,210,222,234,219,210,231,225,234,222,179,150,94,102,102,158,150,74,137,81,52,59,128,128,179,172,150,158,165,186,234,236,142,46,192,179,158,179,165,137,172,172,172,128,201,165,128,102,165,179,128,81,86,192,150,142,210,111,186,196,196,201,197,158,197,210,210,222,231,201,206,238,158,119,128,128,142,172,128,128,102,186,119,142,158,136,81,88,172,201,142,81,150,192,158,128,136,111,114,158,128,119,186,186,210,196,136,172,225,223,158,46,23,119,201,186,102,119,225,206,206,242,238,244,206,81,172,225,201,215,215,206,210,228,158,136,128,150,73,152,158,196,94,119,165,165,192,94,102,158,192,165,182,201,150,136,128,186,186,119,196,128,119,119,136,172,206,110,102,142,110,94,179,172,179,179,142,201,219,215,236,201,225,240,219,172,187,179,172,119,150,172,179,206,186,131,210,136,186,196,165,172,192,196,172,219,210,150,196,206,150,94,52,31,110,223,210,86,105,196,236,240,253,236,232,253,232,139,102,220,249,196,150,157,165,136,122,168,157,203,150,128,223,206,197,238,136,194,165,139,119,139,94,165,179,96
158,225,231,186,103,103,128,92,103,142,120,81,79,103,134,150,137,142,108,137,128,86,128,120,94,137,128,72,137,215,142,150,137,120,74,86,60,41,74,35,27,32,53,94,94,46,86,27,66,81,102,74,86,102,142,74,192,179,165,196,210,119,158,234,196,192,234,46,119,222,186,165,206,222,186,128,92,94,142,102,142,137,111,142,201,234,196,119,111,119,165,192,179,192,158,196,244,245,231,231,225,236,230,225,240,222,111,59,94,119,128,94,81,94,46,52,94,102,111,165,119,94,142,142,150,215,219,172,172,172,179,165,192,119,172,150,158,97,86,128,172,165,150,119,150,142,111,111,158,137,119,137,186,210,137,222,186,240,201,52,46,186,186,128,172,234,206,142,128,128,81,128,16,35,27,150,179,52,74,179,165,142,142,158,150,165,179,128,128,150,158,111,111,186,136,102,172,158,186,223,206,158,150,210,225,136,32,73,186,210,172,192,201,228,251,250,232,206,210,172,172,215,225,228,242,236,223,210,223,201,158,150,94,102,186,150,131,102,150,186,136,192,158,136,172,186,150,179,201,128,119,102,179,210,119,219,142,128,128,158,165,142,88,81,86,81,94,136,186,179,96,175,206,223,234,242,228,232,236,201,196,196,145,165,160,128,165,187,215,215,179,203,225,201,242,201,206,139,81,110,145,128,122,225,234,157,86,46,46,142,223,225,142,136,168,232,225,226,236,201,238,201,75,73,203,234,196,160,172,157,113,136,197,172,119,128,150,201,238,179,206,179,102,136,201,186,73,119,196,206,201
120,177,179,158,142,53,66,137,158,170,120,74,66,142,86,111,150,179,111,103,120,120,158,158,94,137,137,120,158,192,165,142,86,150,71,32,60,60,142,79,35,35,94,86,86,81,46,51,32,5,27,23,46,119,10,111,108,173,165,186,111,66,158,196,142,165,158,46,81,165,240,142,242,196,192,81,111,119,173,128,119,86,111,210,158,119,196,173,150,142,150,222,219,128,210,196,210,238,236,238,234,225,231,236,234,194,137,59,41,86,81,59,86,59,41,74,119,111,86,119,111,81,102,81,74,142,179,201,201,172,172,186,137,111,165,150,172,86,66,119,186,206,186,150,142,158,179,196,119,94,192,179,225,206,186,206,179,215,158,52,23,150,172,150,165,215,201,128,128,81,76,52,27,40,13,136,94,94,102,165,165,128,111,136,165,128,81,102,111,81,81,128,142,59,165,128,172,119,186,128,142,128,172,192,206,111,27,52,196,201,158,158,232,245,240,243,215,128,119,160,186,201,187,186,172,111,94,165,210,150,186,142,86,128,136,179,194,136,172,206,192,197,210,158,113,158,142,102,150,172,102,136,186,208,196,206,158,165,187,150,165,136,102,83,61,59,119,136,102,136,150,172,215,228,223,234,219,249,196,215,128,110,102,152,186,128,136,210,223,234,228,206,247,179,219,206,157,186,27,119,37,119,196,234,219,179,172,102,128,192,224,215,243,223,186,192,160,229,175,179,165,94,102,94,179,206,150,119,157,165,139,128,172,179,128,128,150,216,234,215,210,179,136,232,232,165,119,136,208,229,210
111,137,158,179,128,120,103,120,179,158,128,111,150,128,66,128,186,215,111,103,137,142,179,199,173,142,173,150,150,186,150,81,120,111,46,41,66,94,103,66,46,74,94,74,41,60,102,74,35,35,22,60,35,46,94,74,119,158,165,158,102,119,158,137,137,179,142,66,192,215,137,186,225,158,128,86,111,179,173,158,165,137,137,201,173,119,179,150,81,86,119,186,111,128,81,94,192,225,206,206,201,210,201,172,219,222,142,81,86,102,86,59,66,102,57,66,137,94,94,94,102,59,74,94,94,142,172,206,215,179,186,102,119,137,158,165,179,111,86,150,192,210,210,210,196,196,228,196,131,94,186,172,179,196,165,158,158,172,150,119,46,94,142,172,172,172,179,102,94,52,59,29,19,19,74,66,102,179,119,172,196,142,111,102,150,142,128,119,128,111,102,94,111,201,111,142,158,158,94,128,94,165,172,179,179,111,27,76,179,165,186,179,215,243,253,234,150,81,102,158,206,210,136,102,52,27,46,40,46,150,196,73,128,142,88,182,194,165,128,160,196,186,194,102,35,136,179,128,122,142,119,136,186,225,225,201,212,219,196,102,150,186,142,111,73,73,128,142,94,128,186,158,197,225,210,228,236,234,201,210,128,102,94,119,145,81,110,210,234,225,232,225,136,158,150,172,179,102,86,46,48,206,250,210,165,172,192,172,150,210,216,226,249,225,243,215,219,192,219,201,102,46,102,136,225,150,59,128,165,150,179,201,136,179,179,157,119,232,229,223,219,102,128,224,229,128,81,94,136,157,152
137,137,137,137,137,166,95,60,201,173,111,120,120,74,142,137,192,222,215,210,201,196,196,206,201,173,206,142,179,158,173,103,41,158,94,119,119,183,94,46,83,74,53,66,46,66,94,86,94,74,44,86,128,111,111,142,142,128,150,155,102,35,86,173,196,206,192,196,196,192,173,219,179,173,142,126,119,165,134,137,111,66,94,186,179,142,142,86,86,128,119,137,81,158,111,128,196,163,142,142,150,94,137,142,111,179,158,158,172,192,94,219,150,228,66,94,119,137,102,102,128,111,137,172,142,172,111,201,225,158,128,86,158,206,172,192,179,137,150,179,142,172,201,210,210,196,222,179,142,66,150,172,142,158,158,137,186,196,192,111,52,119,165,192,201,196,206,179,119,66,52,111,119,102,74,81,158,158,186,186,192,158,119,97,119,196,111,52,158,179,68,165,206,234,142,150,150,128,119,46,142,192,165,206,210,113,62,94,119,122,196,172,158,86,223,172,196,111,206,228,206,192,158,111,119,88,94,142,111,102,136,73,186,158,201,186,142,119,52,102,197,192,128,86,52,136,201,172,81,111,179,136,165,219,206,179,234,228,196,110,128,186,102,94,119,110,128,136,119,165,196,158,206,201,192,219,192,186,206,210,196,110,110,102,86,59,102,196,215,210,192,136,119,210,186,172,186,52,128,31,88,219,240,186,119,128,179,172,119,145,206,234,232,240,250,179,232,128,242,216,172,73,46,157,225,182,102,136,152,128,186,215,165,182,179,157,136,210,192,113,196,172,66,150,142,66,110,150,52,88,86
108,103,128,128,120,137,81,60,215,142,150,231,225,120,100,128,206,219,225,206,179,196,179,186,196,206,196,142,128,173,201,128,35,219,173,165,225,215,86,41,66,74,74,53,46,41,74,60,74,74,41,74,137,128,119,137,102,173,179,86,94,137,142,177,165,150,192,210,231,234,165,142,192,173,81,66,111,119,126,150,94,102,192,165,92,81,137,142,94,86,119,128,172,158,137,172,102,179,172,142,158,119,81,86,119,186,201,210,210,238,240,244,243,244,102,142,158,150,119,165,142,210,192,111,158,206,137,186,219,128,52,158,186,210,150,172,172,179,186,128,66,137,206,158,128,158,234,201,165,102,59,150,172,137,210,119,165,201,206,74,40,136,186,165,215,196,86,142,201,94,128,201,196,94,94,131,142,201,150,102,128,94,111,102,119,165,150,102,165,142,142,225,239,223,111,136,119,172,111,142,102,186,210,206,142,111,111,81,158,172,172,73,32,27,219,192,179,196,150,165,206,172,136,59,128,179,150,223,186,187,150,210,186,186,31,196,150,73,31,111,228,216,192,192,150,158,172,150,150,111,150,139,142,210,142,86,186,225,210,102,59,86,73,52,110,86,73,102,158,187,192,201,196,186,201,150,150,192,186,186,179,175,165,119,86,88,145,186,186,158,158,179,196,232,223,168,142,158,66,94,102,172,142,136,73,110,172,102,40,102,165,234,236,247,229,165,215,179,229,206,215,139,73,157,243,219,150,128,128,128,172,225,136,206,150,179,157,172,86,136,128,172,165,86,136,150,160,157,119,110,172
84,86,128,140,86,95,186,137,142,86,158,243,225,94,120,142,179,150,196,150,137,179,142,158,201,128,150,142,137,150,196,165,196,179,215,173,158,150,119,46,35,81,128,74,27,86,32,46,81,74,60,41,137,119,137,111,102,137,165,111,119,119,137,173,150,165,158,206,201,225,128,66,137,192,186,86,81,128,119,150,142,119,119,119,102,102,119,165,81,74,173,165,192,142,94,150,196,201,172,128,128,172,165,128,128,186,201,231,215,242,215,225,215,215,111,192,111,81,81,137,137,165,158,137,179,186,192,150,137,86,35,158,206,142,137,137,128,206,66,111,128,111,150,137,81,158,251,219,111,186,128,128,186,172,242,94,119,196,222,128,40,81,186,186,196,206,81,111,206,182,86,182,165,150,165,142,172,136,136,128,111,74,119,165,102,136,201,158,136,172,206,179,219,234,111,150,186,165,158,158,196,165,172,186,142,142,119,40,94,172,192,136,94,40,32,142,86,150,73,46,119,136,150,52,136,228,192,196,186,150,179,236,179,94,40,150,152,150,66,165,192,225,238,201,179,179,165,86,128,172,136,165,142,201,142,142,128,172,172,66,31,33,102,86,31,66,119,150,165,201,206,128,179,179,128,81,172,196,179,128,158,165,136,110,119,142,150,192,186,196,158,201,234,225,219,208,179,136,119,150,94,81,73,86,66,94,102,35,35,157,186,229,243,236,201,186,223,187,210,239,215,157,172,210,215,232,206,208,179,136,165,219,186,192,165,192,179,150,157,215,81,212,226,179,192,186,192,229,206,175,192
95,86,103,134,142,126,150,111,95,81,137,150,120,95,150,150,103,94,94,158,120,165,150,128,150,103,74,120,120,103,137,94,142,86,66,66,41,46,128,86,9,35,165,119,35,81,27,74,74,32,86,41,128,137,137,94,137,119,165,119,111,142,81,111,158,165,137,186,186,196,165,86,86,201,128,111,59,142,128,137,201,150,165,165,94,94,142,142,128,102,172,196,215,196,206,137,102,142,119,119,94,128,172,137,94,137,158,186,225,172,128,158,165,158,128,111,158,137,102,66,128,150,119,142,196,158,150,119,66,13,35,128,192,102,172,142,111,94,74,158,179,94,74,142,137,158,244,210,137,201,225,150,179,172,219,128,86,136,222,165,46,59,145,150,94,158,165,102,150,203,46,158,128,192,172,150,119,111,136,142,52,35,111,206,179,119,136,122,150,172,222,186,136,192,74,136,210,142,158,142,192,186,119,158,150,66,86,119,111,142,196,201,172,119,46,73,86,73,158,66,46,128,128,102,136,179,150,196,158,102,192,201,172,52,128,179,172,179,158,215,192,223,210,186,186,186,136,88,136,150,192,165,165,150,136,136,86,119,81,52,31,86,119,86,81,86,172,186,165,158,158,142,172,86,66,113,94,196,196,172,136,40,15,94,158,158,119,142,142,196,179,215,225,192,172,201,186,201,186,128,94,66,102,142,86,68,73,73,119,206,223,186,234,232,172,192,215,119,182,244,232,172,172,219,192,229,232,215,206,152,165,223,225,179,145,165,203,182,215,192,223,215,242,234,194,160,150,175,172,128,165
150,111,111,142,148,95,79,150,137,95,74,86,103,111,137,140,120,142,173,179,165,179,206,137,111,120,94,94,108,86,46,81,128,74,41,27,53,32,94,150,66,19,103,119,53,35,86,46,74,32,94,59,119,119,102,108,142,119,128,142,79,86,94,94,111,119,111,158,173,201,158,150,137,158,142,119,74,94,119,83,173,192,150,201,111,86,137,128,81,165,128,165,219,215,128,150,137,66,81,111,86,66,102,137,94,128,150,231,186,165,27,128,186,128,137,165,179,150,111,74,128,186,81,52,94,137,137,137,81,23,35,137,150,150,137,142,128,81,158,172,119,131,137,142,111,150,210,192,192,210,206,206,137,111,196,192,137,86,150,128,81,52,74,111,111,119,158,136,119,192,150,94,160,128,172,150,102,179,94,83,46,52,136,196,172,142,142,142,136,150,158,172,142,37,119,165,179,165,165,150,165,172,142,119,158,158,128,86,66,119,172,88,142,136,142,73,142,128,119,136,111,111,142,111,119,158,196,150,165,142,136,150,111,86,119,136,152,172,182,158,186,196,150,179,186,150,142,111,111,158,172,150,165,119,152,86,94,86,136,94,128,81,172,94,150,158,136,186,186,128,94,165,128,102,86,75,142,196,228,210,42,3,3,94,206,94,46,88,142,165,235,168,223,102,81,172,165,223,179,110,119,142,192,206,150,86,110,150,196,215,219,179,215,201,172,150,172,110,59,172,201,142,196,239,224,196,201,192,186,187,196,206,192,142,139,172,196,186,165,206,243,206,234,197,119,128,46,23,52,66,94
158,158,120,128,120,142,201,213,173,117,86,150,128,120,148,196,206,206,222,219,222,227,225,186,128,165,165,137,128,128,81,46,74,53,79,46,66,46,74,179,81,35,66,86,111,150,94,41,32,46,81,86,102,59,66,137,94,119,81,111,46,74,173,142,81,94,94,102,150,165,173,186,158,119,179,137,74,119,119,119,179,196,158,173,158,137,94,111,111,66,74,137,192,86,201,94,92,86,66,59,66,137,81,81,142,111,102,192,119,94,74,111,102,179,196,206,222,201,142,94,137,196,150,119,94,111,150,196,102,16,35,59,119,150,102,142,137,158,192,172,158,186,210,142,81,119,142,150,179,196,179,142,111,111,186,150,158,119,102,136,111,102,94,142,186,142,102,142,86,179,231,158,119,119,201,165,102,128,86,119,40,66,128,179,158,94,158,179,128,119,111,210,128,86,196,142,206,158,158,206,142,136,158,150,136,128,66,86,81,52,111,46,52,165,73,160,150,206,158,179,186,142,158,172,150,158,196,165,186,150,119,158,102,102,111,136,158,179,179,179,136,172,223,219,206,158,119,86,59,136,215,128,128,186,158,102,136,142,172,182,119,165,136,172,142,152,150,142,158,142,94,102,119,158,102,73,223,210,251,223,33,1,4,94,216,119,31,86,172,206,219,206,234,27,59,196,139,192,94,139,136,220,225,232,219,157,136,192,234,234,210,157,172,165,201,172,172,81,52,102,94,139,238,245,206,165,201,196,179,172,186,165,110,157,196,208,192,201,238,219,234,196,119,102,94,66,31,27,61,102,94
95,179,120,166,215,228,238,196,228,228,128,192,128,128,186,219,234,196,219,225,231,238,210,173,173,150,147,186,137,94,74,66,41,111,128,94,81,32,23,86,94,81,81,92,119,119,86,53,66,74,74,94,102,86,74,142,128,119,46,46,111,137,142,150,150,119,94,94,102,86,186,150,111,170,165,128,158,137,111,119,150,172,165,150,158,137,81,128,94,46,111,102,172,102,142,102,41,59,74,102,74,81,137,128,86,86,201,165,172,142,94,59,128,206,201,215,201,196,94,102,150,158,128,119,158,150,142,201,119,13,27,52,81,192,111,137,186,186,192,215,225,234,225,192,201,206,150,142,128,150,137,119,137,142,94,94,137,128,158,179,142,179,201,186,201,186,102,86,102,186,222,172,192,136,158,150,111,142,136,94,27,46,94,186,172,81,111,158,192,158,192,196,131,196,179,142,206,128,111,119,210,210,206,219,172,52,46,136,86,66,86,111,73,128,111,215,179,238,192,215,150,186,128,158,192,206,220,206,119,186,158,145,102,66,158,128,142,179,196,142,186,179,150,179,206,142,52,52,81,172,179,142,186,232,186,245,226,150,142,150,94,142,158,158,165,172,206,136,94,172,128,119,150,186,158,128,196,206,250,225,86,4,1,52,196,165,59,102,215,206,145,250,172,94,145,201,150,119,86,96,94,186,186,196,219,179,102,192,252,241,206,150,192,150,179,232,192,110,48,128,94,150,225,236,210,196,223,223,136,142,136,145,94,219,186,229,201,234,245,142,165,96,66,128,186,142,86,142,206,192,96
128,150,150,158,201,228,219,222,242,206,201,158,148,120,186,228,186,206,206,228,206,215,210,201,201,158,94,215,111,86,86,53,117,111,86,128,66,13,19,41,60,74,46,66,128,119,74,60,74,60,94,111,100,102,111,128,137,134,66,81,119,86,165,228,210,150,142,86,66,86,137,134,111,201,111,150,215,111,150,150,179,165,134,150,128,137,119,74,81,119,119,94,150,102,150,74,32,81,81,128,111,66,66,46,66,119,192,111,102,52,158,102,165,102,158,86,158,119,119,111,137,102,102,128,192,165,158,172,86,52,10,35,142,179,150,119,196,179,186,186,196,215,225,234,210,150,206,165,102,66,81,59,111,81,81,165,150,165,192,210,165,172,210,196,206,186,81,74,152,206,142,128,206,111,142,150,150,142,136,74,40,32,83,219,206,119,102,111,179,158,158,158,192,150,158,179,142,119,102,119,225,238,231,220,136,46,81,81,81,136,158,186,136,150,186,119,219,165,210,236,136,136,186,165,210,215,186,139,158,150,172,136,86,102,68,158,179,196,219,172,102,150,186,142,150,111,73,128,86,102,165,175,172,201,212,186,196,172,165,119,128,119,142,128,128,150,142,119,86,52,59,128,179,158,119,165,102,150,228,215,122,12,10,119,201,194,179,172,201,186,215,210,206,206,215,215,192,172,128,52,110,73,119,119,131,186,157,206,251,229,240,251,186,96,150,196,165,136,102,128,119,150,210,208,206,196,225,223,128,165,81,81,136,206,119,219,128,210,179,73,94,86,142,223,244,242,196,206,238,232,128
111,111,150,192,206,228,192,196,192,137,225,53,111,150,158,225,128,186,192,201,201,210,222,192,201,142,150,165,137,137,103,81,158,46,53,94,64,32,27,86,60,46,60,74,111,86,119,111,35,94,119,140,128,111,119,137,102,111,102,53,102,111,165,228,196,111,102,111,102,74,94,137,173,173,179,179,150,158,173,158,192,150,119,150,137,150,128,74,86,128,158,119,158,179,81,119,66,52,111,128,66,66,66,52,74,119,142,196,158,137,35,94,66,46,94,137,172,158,158,81,66,158,225,219,158,158,111,128,27,81,23,102,119,158,142,142,196,196,137,165,86,137,210,206,168,150,158,158,128,128,59,52,74,102,158,128,179,215,206,215,179,142,172,136,119,111,94,102,179,192,158,66,81,165,203,158,142,158,128,66,66,52,102,231,192,94,94,86,86,119,94,119,150,119,186,172,128,111,136,150,219,242,196,136,102,111,81,66,73,128,136,111,81,165,179,86,194,168,158,119,215,228,196,206,192,232,244,215,192,201,165,172,119,179,102,150,158,215,201,119,86,94,160,158,94,94,111,102,59,119,158,158,142,152,244,210,158,201,136,119,136,128,128,165,192,128,119,142,150,81,119,142,128,165,110,172,196,206,179,179,201,172,128,175,186,201,210,186,201,196,203,206,206,210,229,232,192,206,165,102,110,110,110,128,102,136,215,219,219,215,253,255,110,94,150,136,172,186,179,94,73,119,219,186,157,165,220,229,172,179,96,94,150,150,110,160,86,201,150,210,192,215,225,245,234,240,210,172,206,187,110
86,120,196,186,166,201,166,192,179,150,142,158,81,201,150,173,158,128,137,142,222,215,165,173,186,186,201,46,128,103,86,86,86,86,86,94,142,119,41,86,74,39,86,74,66,94,111,111,46,142,142,165,66,86,111,111,81,59,86,86,111,142,150,215,186,94,142,137,111,74,119,142,158,128,165,192,158,158,150,128,150,150,81,150,172,126,111,94,94,158,201,158,165,142,94,81,86,86,111,102,41,59,119,111,137,137,102,119,186,111,35,41,74,94,46,86,137,128,186,86,81,192,222,222,158,111,158,137,59,81,10,150,137,172,74,137,35,81,150,66,66,94,165,142,165,119,128,194,150,150,172,111,66,158,74,59,137,201,206,186,165,128,94,74,86,111,175,168,172,179,172,128,66,165,179,158,150,172,81,55,102,94,119,210,201,119,74,102,152,158,111,111,150,175,172,128,111,128,128,128,219,228,201,158,142,86,52,94,150,111,105,73,119,128,59,142,150,119,128,142,172,136,196,234,201,165,224,206,172,175,136,150,186,179,86,186,158,179,220,128,150,128,119,86,128,105,102,59,66,59,52,172,128,192,219,158,223,158,66,110,192,172,122,142,172,128,94,128,66,86,110,150,136,172,172,66,219,229,201,196,215,229,186,152,196,196,150,196,223,186,165,196,203,228,186,201,206,192,196,139,110,152,119,172,157,81,165,215,192,216,219,172,142,119,150,196,201,219,150,75,29,94,229,201,94,122,179,223,186,142,150,136,94,160,157,210,223,215,210,243,240,250,238,226,197,179,152,113,136,75,102
137,137,166,183,128,166,222,201,196,192,158,150,150,120,66,137,158,81,128,192,201,179,120,183,206,179,94,41,53,108,81,53,103,128,128,94,192,158,60,41,81,74,86,111,64,128,86,102,119,86,158,102,74,81,81,74,119,59,74,94,59,137,206,192,206,111,173,53,86,94,150,128,102,165,196,158,206,172,142,165,111,94,142,158,158,94,81,59,196,201,165,128,111,142,94,74,150,137,111,86,74,142,172,158,186,137,86,119,165,137,52,74,111,86,86,66,86,86,186,165,66,165,222,201,165,119,196,128,59,137,102,128,137,86,128,66,27,74,94,142,102,94,66,128,81,128,81,210,150,172,94,158,81,137,40,86,81,172,119,81,136,86,94,136,128,172,119,158,196,186,172,158,74,172,142,165,86,119,119,83,66,66,119,192,222,206,94,150,219,196,136,165,196,196,196,136,158,165,111,150,201,228,219,201,186,128,136,172,201,186,186,150,111,142,142,158,136,128,152,165,165,186,210,219,158,102,158,196,136,86,119,150,179,128,86,119,119,150,165,94,136,119,136,94,152,172,59,68,40,66,46,111,187,128,186,119,206,150,136,179,136,110,119,94,102,86,119,142,226,119,136,142,73,175,201,165,165,229,210,223,201,196,150,196,219,150,150,186,110,192,210,197,196,219,210,165,172,172,142,157,150,136,139,136,136,102,119,175,206,192,210,194,102,81,128,201,219,225,110,37,35,119,223,179,94,94,136,219,206,145,145,81,110,179,223,244,242,215,192,219,225,225,215,201,172,201,172,128,150,139,157
173,120,166,219,166,170,196,158,179,192,186,86,86,111,74,126,179,179,158,192,165,126,150,137,120,74,137,66,32,74,66,74,53,126,128,86,128,137,86,41,60,111,128,119,102,102,119,102,137,59,165,86,128,66,102,81,111,111,74,102,86,119,206,215,206,142,81,111,46,128,137,142,150,158,225,192,158,158,119,102,102,192,201,111,128,94,52,128,179,179,137,66,94,94,192,165,46,102,86,102,165,192,192,179,158,158,150,137,150,158,137,137,128,137,119,81,74,102,206,222,158,150,231,215,137,128,158,119,128,111,86,119,102,128,119,59,52,81,111,150,158,137,74,86,142,59,142,186,192,150,94,86,74,111,102,111,119,102,111,32,66,119,74,172,196,139,136,119,201,222,210,128,94,150,142,86,66,119,66,81,46,81,142,186,192,201,179,210,225,192,172,139,165,210,215,192,228,186,88,179,238,234,186,142,231,206,216,212,201,215,201,172,150,223,186,119,172,192,210,206,196,215,172,94,86,68,81,102,46,46,73,119,142,139,142,86,111,119,150,192,150,102,128,165,142,136,94,86,111,142,111,81,142,172,52,165,168,142,113,94,122,119,86,86,142,102,81,128,102,228,81,119,94,201,158,152,186,223,186,201,192,160,210,150,179,179,142,145,201,150,139,210,194,187,206,110,119,186,172,186,142,102,81,86,142,136,86,73,157,215,225,165,142,157,150,201,245,186,136,66,52,175,210,119,52,66,136,210,229,179,52,59,136,186,225,229,238,212,142,165,186,201,186,196,210,223,210,165,196,206,179
166,120,196,142,74,95,179,66,128,111,103,86,66,81,81,179,196,179,206,179,142,111,103,86,81,128,111,103,60,27,60,119,60,60,86,86,119,119,81,81,66,57,111,81,66,94,86,81,81,94,150,137,86,94,111,128,102,111,81,102,102,81,183,240,192,119,86,86,86,102,142,165,158,210,196,210,150,158,111,137,150,165,186,86,119,142,119,128,119,81,128,59,57,74,142,74,111,119,74,128,172,142,158,165,186,201,172,142,119,210,172,137,111,102,165,81,74,179,236,238,196,119,119,179,142,119,142,102,97,86,102,94,128,165,165,128,52,40,119,158,201,182,137,119,128,86,102,158,142,86,66,86,111,81,119,119,74,59,86,119,111,158,196,158,150,165,128,48,158,250,81,165,128,74,119,66,55,102,81,81,86,119,142,119,186,158,179,215,158,186,165,131,187,179,210,192,219,210,81,172,238,206,172,186,223,186,186,201,225,201,165,165,142,172,111,136,219,192,158,186,210,194,119,52,68,81,35,40,52,73,66,119,158,172,142,102,102,152,182,150,86,119,158,158,128,111,136,142,136,86,128,128,94,142,158,158,110,105,142,142,66,158,182,136,102,122,119,179,172,186,119,110,179,158,215,206,228,206,172,175,165,192,179,192,150,192,179,179,165,150,179,192,192,201,201,136,128,172,210,142,86,66,66,102,73,139,110,59,96,96,212,242,245,229,236,242,244,219,237,172,94,179,234,128,42,81,186,219,225,192,110,46,73,179,192,215,225,240,234,215,232,238,223,229,240,242,243,219,196,206,206
201,120,158,173,128,111,103,81,74,74,120,173,53,94,196,219,219,137,150,165,60,53,86,137,142,103,81,35,81,60,19,60,74,41,60,111,74,60,86,86,74,66,66,35,66,111,86,41,137,142,94,142,94,119,81,137,66,81,111,86,81,119,173,219,201,128,119,59,137,86,158,142,192,201,196,210,215,150,102,81,150,150,128,142,142,186,142,165,111,102,86,86,41,142,86,137,158,74,94,86,128,102,119,210,201,179,119,119,201,210,206,186,165,111,158,59,119,222,222,228,196,119,102,142,165,102,142,111,74,111,114,128,150,128,137,165,111,59,111,172,206,201,142,102,142,142,111,142,81,94,74,81,86,137,142,86,94,158,225,201,111,158,158,186,228,225,74,52,179,179,111,119,165,158,74,102,111,59,102,128,136,119,94,111,136,94,165,142,179,179,150,186,206,165,179,165,119,172,158,150,186,136,192,207,136,158,111,179,172,165,150,102,128,86,136,136,142,128,119,111,158,150,102,86,105,136,94,128,66,128,86,201,128,150,128,102,94,128,172,172,128,136,136,111,102,111,172,206,179,136,119,172,150,150,128,102,172,142,86,136,165,196,172,102,81,136,179,179,136,136,192,128,110,119,240,201,201,192,172,172,186,201,179,201,201,201,216,128,150,186,119,150,215,179,160,182,142,206,105,157,94,136,94,157,102,59,128,35,119,179,232,242,252,223,244,249,219,252,252,186,119,168,229,142,94,172,179,206,240,225,102,94,104,187,175,232,203,250,238,244,248,240,234,223,237,244,240,234,212,179,172
166,103,128,137,81,150,192,137,41,95,103,66,179,210,196,186,186,128,108,103,111,111,81,53,32,35,86,27,81,53,23,128,81,86,94,94,53,60,81,111,137,150,111,74,66,94,102,53,142,170,74,119,111,102,94,111,94,66,102,74,86,128,137,179,150,128,137,86,137,158,137,150,158,206,206,172,186,128,111,81,111,158,142,150,142,111,165,201,158,128,94,172,142,74,137,81,137,102,52,119,119,81,102,150,142,158,111,179,219,196,192,210,179,165,102,94,119,158,219,179,119,142,128,128,196,94,94,150,172,94,179,86,128,150,165,137,119,83,94,142,158,158,150,165,150,142,128,128,119,140,86,76,119,142,111,46,59,150,142,158,142,179,165,158,220,186,136,66,111,111,111,94,111,165,102,136,66,119,119,86,158,158,105,86,119,225,215,136,142,119,192,179,158,150,142,102,66,102,165,201,201,119,150,206,158,172,119,158,86,186,86,73,172,86,172,66,86,73,94,48,73,66,81,150,172,158,172,158,119,142,158,196,102,150,88,142,81,102,94,186,150,142,139,94,119,158,201,192,192,165,105,128,172,111,136,73,128,102,142,150,165,128,94,142,128,136,113,113,179,136,113,136,119,160,196,192,201,196,172,201,192,158,158,196,196,201,196,186,157,102,150,201,223,157,206,142,81,157,119,157,113,142,179,136,150,66,59,52,139,219,248,175,226,196,179,238,219,247,225,96,94,128,212,201,102,192,210,150,219,223,68,59,165,150,201,225,229,216,186,210,165,152,150,136,186,157,172,196,119,86,66
111,111,74,95,142,186,241,236,79,165,234,186,158,74,134,86,66,128,158,94,32,66,35,46,46,46,66,60,10,60,66,103,150,158,103,66,86,66,81,150,186,186,219,173,119,81,158,81,117,165,128,102,74,66,137,119,137,74,81,137,102,111,128,128,81,142,137,111,173,137,81,111,111,142,173,137,119,81,94,128,137,142,119,86,137,142,142,172,165,119,158,196,158,102,172,128,137,86,52,111,137,81,66,86,137,150,102,150,172,210,228,158,172,222,150,206,52,111,165,128,94,137,111,102,172,158,119,196,196,86,215,19,119,137,111,119,86,81,86,128,137,150,165,137,158,150,142,142,158,74,111,94,128,111,140,86,66,52,86,136,158,142,201,179,172,206,142,35,74,142,81,119,192,158,158,142,172,128,74,74,111,136,119,142,158,179,192,172,142,111,128,128,94,128,74,55,66,86,179,201,210,186,119,179,196,128,86,102,73,94,111,81,119,142,86,128,81,86,81,46,86,35,66,182,172,136,128,119,172,111,201,145,158,102,128,119,119,94,86,179,158,150,150,158,186,158,142,186,119,150,150,83,150,102,150,81,111,142,210,179,128,142,142,142,158,142,160,128,158,150,150,150,196,201,210,172,172,206,172,196,186,203,210,186,150,158,186,157,192,165,179,196,206,210,179,179,102,136,150,150,136,102,119,110,102,73,59,110,160,168,102,157,186,119,172,94,152,234,225,52,27,52,157,215,172,136,179,142,122,130,81,128,88,165,232,194,196,110,150,52,59,172,86,81,59,46,68,73,66,73,59
95,120,142,111,60,103,244,225,173,236,206,142,111,41,120,103,66,120,46,35,81,46,60,39,66,53,35,103,10,66,26,74,81,137,60,81,119,128,142,183,222,242,201,186,165,119,35,111,137,111,155,74,66,86,119,142,128,128,111,128,142,142,119,86,102,142,86,102,102,102,81,111,94,94,158,150,86,81,111,158,137,86,86,81,142,150,128,102,81,137,172,142,137,128,137,111,94,137,128,128,142,81,59,111,111,74,74,128,137,201,179,158,186,186,158,102,94,102,128,158,119,102,150,179,192,165,158,142,119,128,59,52,59,94,66,111,59,66,111,137,206,165,102,172,172,150,142,150,86,81,86,137,94,137,142,81,68,59,128,150,150,206,192,165,111,94,111,86,102,52,119,74,186,186,196,94,111,165,136,81,66,86,172,212,201,192,219,139,119,74,94,128,86,136,128,74,73,86,158,215,215,142,94,136,158,128,142,96,81,81,94,94,81,94,150,142,94,122,111,81,119,122,94,122,136,119,122,111,102,111,158,119,145,128,179,94,102,111,201,158,139,165,172,165,160,111,111,150,136,150,192,102,102,119,102,102,136,186,182,102,172,119,110,172,150,136,158,142,110,192,119,165,232,175,158,150,186,186,179,186,206,172,192,203,165,142,186,196,165,186,215,150,172,206,206,219,150,128,165,165,110,119,73,40,52,122,119,83,86,136,179,145,119,131,136,86,172,136,215,102,31,66,208,229,110,94,201,186,66,31,52,86,119,182,165,179,196,223,86,96,152,192,172,150,142,96,86,142,186,150,168
103,128,111,81,128,206,186,128,103,103,179,95,53,103,128,108,86,66,66,60,60,32,27,57,111,66,74,41,27,46,119,86,150,46,158,142,137,150,186,238,234,215,179,103,74,53,66,150,137,111,137,128,94,119,94,173,81,158,111,81,119,86,94,137,111,111,86,86,57,137,102,111,102,137,150,94,111,150,128,137,137,111,119,94,102,81,137,119,83,111,119,142,165,102,137,150,142,172,150,111,119,102,74,102,74,81,81,165,165,128,172,158,150,172,150,94,128,119,119,150,128,150,172,192,201,142,128,94,142,66,59,32,59,119,74,81,66,94,94,179,186,165,137,186,165,119,86,102,142,111,74,131,111,142,128,136,128,86,119,187,222,240,236,186,111,81,119,119,119,74,142,119,192,165,142,94,119,102,94,94,59,59,150,240,186,158,215,186,66,59,86,94,179,111,128,94,111,128,119,179,240,201,142,158,152,192,136,46,35,86,81,128,66,102,186,136,128,128,102,111,94,119,158,142,119,111,128,119,46,59,111,94,119,142,128,119,94,187,210,179,142,182,186,142,136,142,119,158,165,192,165,119,94,119,122,128,179,165,142,73,128,119,136,142,136,142,119,81,86,206,110,208,215,73,158,94,119,186,172,186,194,196,175,160,192,179,172,157,215,136,131,157,136,172,228,128,172,168,160,157,94,54,110,128,86,119,86,66,54,83,81,192,192,142,157,128,102,157,172,196,86,52,94,201,229,206,186,157,119,145,224,210,197,102,52,206,219,192,206,186,192,119,219,240,216,128,128,219,219,197,216
120,166,158,192,165,137,134,86,46,66,108,95,173,142,111,86,74,41,120,142,53,27,53,66,41,60,94,32,23,158,119,134,111,137,119,128,173,183,179,201,206,210,206,103,59,111,66,59,102,59,179,74,165,179,128,165,81,59,81,86,119,111,86,119,79,119,210,74,128,46,128,137,81,86,119,158,137,165,128,111,158,137,119,128,102,86,150,137,111,111,102,165,150,102,158,186,142,111,119,102,111,119,111,111,119,102,86,192,142,142,165,137,150,142,142,128,128,137,111,137,128,172,201,172,150,111,86,111,102,86,35,41,86,119,59,46,40,111,142,137,119,201,219,102,137,145,111,150,142,86,74,128,158,81,86,158,59,94,102,186,231,215,186,186,102,94,136,128,86,94,119,142,142,119,86,150,119,119,102,102,52,46,201,242,186,136,215,192,66,139,179,136,94,192,172,73,111,165,73,136,242,234,142,128,59,73,35,35,52,102,136,102,152,150,102,158,94,111,113,73,52,81,158,165,136,119,111,66,59,73,81,81,73,102,88,88,179,186,119,206,186,150,196,172,150,150,128,192,179,165,128,119,136,179,160,165,158,136,128,136,102,81,119,102,102,142,96,128,136,179,179,165,119,86,81,158,158,220,150,179,186,192,206,179,186,182,165,215,172,142,142,142,110,182,102,136,201,165,142,142,119,31,37,157,165,86,110,128,37,81,192,128,73,128,128,110,46,157,165,136,83,48,150,210,236,223,179,165,168,206,234,210,196,145,59,142,196,223,215,142,150,157,206,236,210,182,172,179,157,102,136
142,173,173,173,150,120,173,137,94,60,128,81,103,120,60,41,66,103,103,66,86,92,74,51,60,94,86,74,103,150,66,81,142,165,111,86,94,111,81,137,165,210,210,142,108,74,111,128,137,111,165,137,196,34,192,128,102,94,179,137,81,119,119,137,111,128,137,81,165,66,142,128,81,86,94,142,150,102,142,158,137,111,119,142,142,142,150,86,86,150,137,128,111,142,111,142,128,111,86,86,165,137,119,158,158,119,94,119,158,142,186,196,119,150,119,137,128,128,128,158,158,150,150,111,102,150,86,111,86,81,46,52,59,102,137,86,102,86,86,150,192,172,165,165,150,150,172,179,83,74,119,74,66,81,128,128,46,136,86,111,119,150,128,119,119,102,150,142,136,136,59,128,74,111,66,150,142,136,102,66,81,94,158,215,192,206,150,102,210,175,186,111,219,136,206,128,86,111,186,206,196,186,142,73,119,81,59,111,52,59,136,94,179,102,150,136,83,46,46,94,119,61,119,136,119,86,52,52,66,111,86,81,81,179,150,165,192,172,136,136,179,172,172,179,142,119,119,186,186,136,128,165,192,186,192,136,142,136,160,158,136,81,81,94,96,142,136,119,196,210,172,110,110,172,81,158,179,165,186,194,172,196,201,172,150,150,165,192,122,165,186,157,157,179,186,187,179,142,142,94,110,59,94,172,197,150,81,73,86,172,136,46,94,81,136,86,110,88,157,157,165,119,136,212,201,172,196,223,168,186,234,168,157,150,73,110,150,168,182,128,206,229,201,179,150,119,136,110,136,128,81
155,150,173,201,137,120,103,150,94,158,41,103,66,111,46,27,32,46,128,111,60,94,158,74,111,66,81,165,119,86,103,86,173,192,94,74,103,173,158,103,119,177,179,111,111,102,119,74,102,137,94,94,142,128,81,137,150,196,201,173,86,111,158,158,94,111,192,165,59,142,128,94,74,142,137,102,150,142,142,158,128,119,119,119,102,102,142,165,192,102,158,111,137,102,102,137,119,119,128,86,150,142,81,102,128,119,86,86,150,158,201,172,102,179,94,111,137,142,172,150,142,150,158,186,158,186,128,111,59,46,32,94,86,111,94,40,74,66,119,192,165,150,128,165,186,150,137,128,128,52,66,128,86,128,142,142,142,119,81,86,94,94,102,102,136,128,179,179,150,81,59,119,94,136,111,158,150,158,142,111,128,150,142,192,210,150,128,165,186,186,172,186,242,196,229,186,172,179,165,186,128,88,128,102,52,40,81,111,73,119,119,136,150,73,73,76,102,52,81,94,73,52,66,111,46,52,27,102,102,172,142,206,111,150,152,136,145,172,142,172,186,150,165,179,165,142,152,179,186,165,142,194,165,165,158,136,179,142,136,158,142,86,73,94,122,150,158,136,179,201,158,94,94,150,94,128,168,150,196,192,179,210,196,182,119,94,136,102,172,113,196,165,201,136,165,136,136,208,110,110,131,94,52,102,119,136,102,61,86,52,81,94,81,81,150,157,119,102,172,210,186,168,119,182,229,238,238,235,224,179,157,172,172,110,94,152,165,179,128,136,232,219,201,102,142,165,94,165,172,157,94
74,100,128,150,95,86,81,128,137,128,66,81,41,60,35,35,35,32,46,60,53,86,150,94,66,111,94,137,120,150,94,137,150,165,51,86,137,86,74,111,111,94,86,94,66,74,119,102,66,119,128,128,74,102,111,119,102,150,165,81,74,142,165,119,165,111,74,128,111,119,86,100,158,165,142,119,94,150,86,86,150,119,52,66,66,52,150,172,111,111,128,102,94,119,142,66,102,111,158,102,74,142,81,46,119,94,150,119,111,142,158,128,150,137,142,128,128,142,137,150,165,192,186,179,172,158,172,46,94,40,59,150,119,111,52,86,94,102,137,172,111,94,102,137,158,158,111,128,119,119,74,102,128,172,142,94,81,165,158,81,86,142,179,158,150,158,201,150,81,68,81,150,172,196,136,119,172,179,186,172,179,186,196,179,150,158,179,179,158,165,150,201,196,236,196,186,228,192,196,186,150,119,119,111,96,81,23,94,102,150,102,150,111,66,111,96,119,40,46,81,31,31,83,66,94,102,136,150,150,182,158,192,119,128,172,186,179,142,158,136,165,172,179,152,179,165,152,196,150,206,128,168,94,119,165,165,196,194,150,172,150,119,102,102,139,142,172,158,158,158,142,119,83,86,150,150,142,179,210,201,172,179,179,179,136,81,136,128,128,152,168,196,179,136,157,157,157,142,110,136,136,81,40,73,86,73,102,59,46,73,94,86,27,172,86,157,94,192,102,119,172,157,102,157,197,219,219,142,186,59,157,175,136,104,110,165,240,86,119,119,186,168,196,206,46,68,150,165,172,150,179
66,66,74,120,128,81,81,126,165,120,120,53,35,23,81,74,35,74,53,46,128,111,60,94,53,103,103,103,142,142,158,192,165,66,92,86,81,86,142,142,137,126,86,119,119,86,66,201,35,158,119,111,119,94,111,119,74,66,165,165,137,94,150,119,74,94,150,81,111,137,111,179,186,119,119,150,81,81,158,128,119,94,81,74,94,119,128,128,142,94,128,119,119,158,74,102,111,59,86,111,86,102,119,74,102,128,172,119,142,111,137,142,119,94,175,128,74,137,111,142,150,165,150,81,142,150,142,86,52,94,102,128,102,59,94,128,46,111,142,142,119,137,150,142,150,137,128,86,158,46,94,94,102,179,150,86,81,102,119,74,86,196,172,81,111,158,219,150,66,136,119,228,240,172,111,119,172,196,206,206,210,186,186,165,145,192,186,179,179,172,165,94,210,179,150,172,215,225,210,196,142,111,136,111,46,35,73,81,86,52,94,52,102,102,102,111,59,35,52,42,94,86,76,73,83,136,81,186,201,142,165,158,158,150,150,150,196,142,136,179,186,150,158,201,165,165,172,219,192,186,102,186,52,186,196,165,196,192,201,179,196,179,102,59,165,192,165,158,175,145,142,81,66,128,186,110,150,219,225,223,172,165,165,179,172,122,131,150,142,160,128,165,165,168,128,150,192,142,102,119,119,73,54,96,122,52,73,73,27,94,73,81,81,186,142,136,23,68,35,46,165,122,142,182,145,102,81,37,52,110,150,150,122,119,110,172,197,168,94,165,157,130,136,165,172,119,122,110,119,172,136
66,74,74,86,128,95,120,173,137,142,74,60,81,46,103,128,66,120,128,150,150,111,128,128,66,103,128,119,147,94,186,142,111,119,137,81,53,119,165,192,142,128,119,102,128,142,165,111,86,137,86,225,46,158,150,179,158,137,158,142,102,158,128,111,108,81,94,66,142,86,186,186,137,192,172,102,119,86,74,81,172,201,102,66,74,119,165,119,102,128,128,86,86,59,119,94,52,52,111,150,102,111,137,102,81,94,94,102,142,150,119,94,94,128,137,74,66,142,142,119,114,137,128,86,142,145,102,128,46,137,102,81,94,46,102,66,35,102,158,153,172,172,179,158,119,111,165,102,119,74,111,74,150,102,158,74,128,52,59,94,128,150,186,111,94,206,179,179,94,122,165,225,219,222,168,94,179,136,165,219,219,210,201,175,165,206,179,165,165,196,150,81,119,102,139,142,128,172,172,136,150,111,81,86,81,54,52,62,94,94,73,94,96,52,81,59,46,35,102,128,81,86,46,81,142,158,119,119,165,142,119,111,136,219,206,210,131,186,179,179,196,206,179,196,192,158,165,196,136,175,119,158,128,165,128,196,186,172,201,196,186,160,158,165,165,206,206,179,142,152,86,52,128,158,172,119,215,220,206,210,186,152,142,157,182,157,119,186,102,152,86,142,192,165,119,110,186,157,81,110,119,66,128,122,110,102,54,59,86,196,136,128,206,192,150,94,73,24,35,75,142,215,215,187,150,139,94,136,192,165,86,86,119,46,150,142,83,160,242,94,172,86,128,223,150,81,157,172,165,196,110
74,137,142,74,94,150,158,150,111,74,81,111,111,86,86,111,103,111,111,158,142,94,142,158,140,119,179,137,137,128,94,173,150,128,86,128,103,158,196,150,158,150,119,179,74,192,142,86,128,94,173,111,150,111,142,201,210,238,210,173,201,158,158,94,111,86,86,41,111,81,206,142,245,201,137,111,137,137,86,128,142,142,111,86,119,111,119,137,222,102,86,119,137,158,165,81,41,102,111,111,94,81,119,102,102,66,86,128,137,111,86,111,86,119,137,179,86,102,165,158,119,119,158,119,111,172,137,86,86,119,102,46,86,52,66,86,74,128,172,150,142,165,179,142,102,142,158,201,94,165,32,119,137,94,105,119,66,46,48,136,165,172,186,206,179,158,119,119,119,94,81,236,206,234,186,128,150,206,210,201,206,222,210,196,206,196,182,136,119,158,150,81,62,86,128,86,94,128,119,111,136,86,52,59,102,73,86,62,81,62,66,128,86,59,81,46,81,86,94,165,136,66,86,136,158,165,196,158,136,172,119,128,165,187,196,210,128,175,172,179,165,179,179,119,152,142,210,150,186,201,142,179,158,165,136,197,165,179,179,187,179,165,179,182,179,223,228,102,128,73,94,136,136,158,172,158,165,192,192,172,165,142,119,136,165,128,142,179,142,94,142,165,186,150,145,110,150,168,81,94,119,66,83,110,119,150,52,59,179,219,186,201,225,201,179,186,179,172,172,157,182,210,206,186,201,210,201,220,236,192,102,66,119,73,194,165,110,197,208,136,196,157,86,167,238,215,179,225,245,157,35
158,179,173,111,158,158,150,150,128,74,128,103,81,111,81,46,83,111,81,111,120,111,137,150,165,150,165,186,94,111,119,128,119,111,158,150,206,192,201,192,137,142,128,142,158,94,142,158,35,173,94,158,128,86,86,192,179,215,196,158,173,119,173,173,102,66,66,137,165,111,196,243,192,102,158,142,137,137,94,81,128,142,142,128,81,66,142,179,158,142,142,142,86,119,74,119,102,102,59,102,186,81,119,119,81,128,119,119,94,66,111,111,94,158,137,128,142,111,128,119,119,150,137,102,128,165,119,74,128,102,66,86,66,59,102,119,119,172,158,128,128,150,165,158,137,158,137,179,179,102,52,111,46,94,102,136,32,74,74,136,165,179,201,201,192,136,111,94,94,152,86,192,215,192,238,186,186,186,236,215,186,192,179,179,219,201,196,136,81,111,119,192,52,139,128,73,81,81,86,111,66,37,35,59,111,81,73,46,66,73,86,86,86,52,86,81,86,128,142,94,81,66,81,186,192,142,179,192,186,179,192,210,150,158,206,179,158,158,96,102,168,119,119,102,111,142,102,172,219,201,186,186,142,196,102,150,165,172,119,142,201,196,172,186,210,203,186,110,94,94,142,186,119,179,142,94,145,219,179,145,150,158,142,128,150,142,150,150,172,102,201,165,150,157,136,136,66,172,94,75,59,86,88,86,81,105,102,40,136,210,219,172,186,197,215,196,223,232,232,206,150,119,157,187,150,119,128,172,186,165,130,142,172,179,182,206,179,225,234,179,210,186,110,130,210,232,165,206,243,165,40
142,150,128,158,210,120,228,165,120,86,81,60,66,120,94,41,66,120,120,94,66,111,142,142,128,150,165,196,137,103,128,165,137,142,196,150,142,201,210,142,158,173,137,111,111,186,179,111,66,137,128,94,66,142,81,142,128,186,215,165,111,86,142,142,86,196,128,81,179,179,234,236,119,165,158,111,128,142,119,111,59,119,128,128,81,137,94,215,94,150,102,128,119,94,86,102,81,74,94,81,111,111,46,86,102,158,137,119,86,52,137,94,119,119,86,81,128,119,111,81,137,142,137,179,94,111,119,94,165,128,74,66,46,94,102,102,150,158,145,119,119,150,142,145,150,150,111,119,137,81,119,66,52,102,105,74,102,111,119,119,136,136,136,119,111,128,131,172,201,81,186,165,245,179,196,119,165,150,196,210,179,186,201,186,186,196,215,128,86,74,150,68,46,102,119,128,66,73,94,136,81,59,73,73,111,86,32,66,59,73,73,66,52,40,73,105,150,142,102,102,102,94,119,165,172,186,136,172,196,172,172,128,179,206,142,136,128,142,119,86,136,128,86,102,150,150,150,179,150,186,206,186,187,165,165,142,172,136,94,165,172,119,128,201,206,196,196,128,119,102,136,119,158,158,192,165,165,186,165,165,158,128,119,142,160,179,86,102,142,172,145,119,165,150,102,83,40,136,128,94,66,131,96,48,94,73,110,73,81,192,210,139,102,157,150,119,196,196,225,192,142,157,130,94,86,73,73,110,94,136,179,201,196,219,196,186,113,179,243,219,172,128,128,119,172,186,110,136,179,142,75
103,165,158,142,165,206,236,179,126,111,53,86,60,60,111,103,94,137,137,103,86,128,120,128,137,179,120,111,186,111,128,179,165,165,173,142,150,137,128,158,186,173,111,86,142,150,102,137,128,66,111,137,94,74,53,102,165,137,119,94,81,119,128,74,142,179,165,173,172,165,196,142,111,186,142,142,128,172,142,86,94,66,142,142,74,128,119,150,94,94,119,137,59,196,66,128,81,74,111,111,81,128,102,59,179,111,137,119,94,150,74,66,102,128,102,52,94,128,142,128,137,196,94,111,102,81,119,81,119,172,52,40,66,102,81,142,172,142,119,119,111,102,111,142,165,142,97,74,59,94,94,81,81,94,102,111,136,165,192,142,111,94,119,111,128,165,179,192,201,179,206,201,196,128,119,150,119,186,215,206,186,172,136,201,219,179,201,81,73,59,59,150,19,119,111,158,128,111,119,32,59,131,105,94,122,52,52,66,66,35,81,46,27,81,16,88,111,152,119,119,158,150,172,179,128,136,165,196,172,158,165,136,94,192,136,136,192,111,142,128,111,119,111,119,142,179,111,119,179,172,201,119,136,142,136,136,102,102,73,158,150,110,142,201,186,150,142,119,150,136,128,128,165,165,192,150,145,179,186,179,128,122,150,142,102,157,157,113,136,142,110,113,179,119,142,110,110,73,142,172,186,142,102,86,145,110,59,73,86,192,186,136,73,172,165,119,102,150,165,136,110,142,119,157,150,150,142,110,157,157,197,187,234,196,136,150,59,196,197,179,150,86,94,122,110,119,102,86,104,179,110
128,179,158,103,111,210,225,186,165,128,41,74,74,81,86,137,158,150,142,128,128,137,137,158,165,111,111,94,201,128,158,186,142,142,150,150,165,137,142,165,128,119,119,142,142,111,94,111,137,102,86,119,94,86,86,128,158,158,102,128,165,111,86,128,137,206,222,137,81,102,137,134,128,142,172,102,102,86,142,142,150,165,111,111,94,86,35,137,111,186,94,81,94,66,94,94,102,111,119,119,111,111,102,52,165,86,128,150,94,119,74,102,102,74,179,94,111,142,165,142,86,111,172,102,158,86,128,128,172,172,46,59,74,111,86,192,119,102,59,128,142,86,137,119,119,94,86,81,74,59,94,59,48,74,119,86,102,179,225,172,102,111,158,158,172,206,201,165,179,192,201,179,94,111,150,114,142,165,172,196,172,131,94,172,234,206,179,119,27,66,142,59,59,102,94,94,94,86,62,35,59,111,102,81,81,46,27,35,66,66,86,6,66,54,59,66,81,142,128,150,172,172,172,186,192,172,131,225,165,179,142,136,128,186,111,136,142,94,119,94,111,119,111,128,119,94,102,119,136,175,201,172,142,206,73,94,110,128,136,119,150,119,165,206,142,128,145,186,179,128,158,192,158,175,165,158,165,172,172,165,142,119,94,102,102,157,228,119,86,150,136,142,142,142,128,110,73,88,94,179,210,210,219,186,142,128,59,86,150,150,172,179,142,194,215,136,122,150,128,119,113,110,172,225,229,203,216,216,172,150,136,157,212,86,142,73,157,175,157,157,150,136,86,102,128,152,113,66,157,210,165
120,134,165,128,95,196,179,196,158,64,137,117,111,111,94,137,137,111,179,192,137,179,165,119,103,111,150,119,165,119,215,165,137,117,179,165,165,179,158,128,102,119,142,158,179,111,137,86,158,165,86,111,142,111,142,179,165,102,74,102,150,111,86,201,231,219,215,81,142,158,81,94,119,128,137,111,128,111,111,172,158,128,111,94,102,94,119,172,158,165,86,102,46,119,128,111,111,128,86,86,137,111,86,102,81,119,137,86,119,59,74,66,94,150,66,74,137,158,102,74,81,102,69,86,86,172,86,137,94,74,158,94,40,179,128,137,119,66,86,142,201,128,119,150,158,86,119,74,66,119,66,40,59,81,86,86,94,179,225,165,81,94,150,182,165,158,150,128,128,158,105,128,102,111,136,136,111,74,102,136,94,94,119,179,231,231,225,94,52,86,35,73,94,102,73,59,119,52,66,62,52,150,150,73,59,40,40,66,83,86,27,40,158,52,94,152,136,128,224,192,119,206,206,165,215,179,94,234,179,219,196,186,172,158,86,94,86,136,150,102,96,113,81,81,111,128,119,111,150,210,201,210,27,142,192,119,110,102,165,172,158,179,172,196,165,110,158,136,142,94,150,160,210,186,165,152,150,158,172,165,150,172,102,73,172,172,150,150,81,113,142,152,179,157,110,110,81,59,46,142,192,223,249,238,172,157,196,196,157,119,172,179,172,128,179,128,172,142,172,128,122,130,206,225,224,240,234,236,119,179,66,110,73,73,102,73,104,186,196,196,157,150,81,94,182,142,165,130,110,130,150
128,128,150,120,137,142,165,196,142,86,111,86,86,126,142,120,111,179,201,196,155,158,150,81,119,142,186,92,142,192,165,158,199,128,173,173,150,158,155,158,126,142,142,142,142,158,142,102,119,137,66,119,165,150,158,173,150,119,86,74,102,150,142,238,248,196,74,137,179,137,142,137,111,94,137,165,137,66,59,142,137,111,102,102,102,111,165,137,102,137,86,69,74,102,119,94,137,128,119,158,94,66,74,119,128,111,142,128,172,119,59,81,59,74,225,150,81,102,74,66,94,66,81,102,94,142,52,158,111,81,81,128,94,192,194,81,94,111,102,137,158,102,35,137,150,137,165,52,137,111,66,97,86,46,136,74,165,206,150,119,81,81,102,150,158,74,94,142,111,111,86,128,111,81,86,142,81,86,86,74,74,142,150,136,201,206,186,119,66,40,66,73,66,128,94,52,81,66,40,102,128,142,88,23,46,73,35,66,66,32,81,86,81,81,201,234,215,196,172,182,142,172,212,179,158,210,201,111,111,172,206,226,172,111,102,81,142,111,94,94,102,102,86,111,150,73,142,158,196,119,210,196,52,172,66,102,86,128,110,172,192,179,172,165,212,128,119,102,136,102,119,150,196,179,136,94,110,128,119,158,119,94,152,110,150,165,128,206,136,75,136,160,186,192,102,88,75,73,66,102,179,157,150,201,186,210,236,210,165,186,150,196,219,136,136,172,142,179,179,136,128,165,192,179,219,243,216,150,142,212,128,136,37,73,46,75,122,206,219,240,192,119,179,201,179,145,165,165,110,52,113
137,137,120,165,173,128,165,158,103,150,120,111,94,137,142,137,150,158,165,179,158,119,186,201,111,150,173,158,165,173,86,186,179,165,137,137,137,137,158,192,163,119,142,137,119,186,111,158,74,86,128,137,150,158,158,150,142,137,102,86,102,94,228,249,196,119,102,150,158,137,142,119,86,137,142,137,94,119,74,66,119,137,137,158,128,102,158,86,119,94,137,86,137,137,111,128,119,128,128,137,128,102,111,128,94,94,172,165,158,128,81,52,59,102,94,102,119,86,119,66,102,158,86,66,111,94,55,128,52,46,111,172,186,102,94,111,74,52,74,94,52,27,111,158,158,192,128,137,165,66,94,136,74,52,142,81,139,215,165,81,86,94,86,94,86,74,111,119,66,142,111,111,81,111,46,150,111,119,74,128,94,111,94,40,128,128,86,150,59,42,105,35,59,128,111,73,102,94,59,59,142,111,59,32,27,35,59,83,73,54,111,102,119,192,219,231,225,179,158,196,172,172,201,215,165,186,192,128,150,128,186,225,102,111,142,81,142,86,73,128,128,94,150,172,136,94,142,186,142,119,225,136,150,145,94,66,119,102,105,150,186,192,158,136,136,142,113,179,119,150,128,172,225,81,192,119,94,128,158,150,142,119,119,128,86,59,94,157,119,119,128,86,157,157,201,81,46,86,102,102,165,172,66,73,201,186,150,219,186,59,192,210,186,142,142,206,192,192,179,136,157,165,179,223,234,210,142,142,196,179,172,110,40,48,37,68,104,206,240,243,206,165,201,186,142,136,102,102,94,145,179
111,128,142,173,192,120,137,103,103,128,128,179,142,158,186,165,155,137,150,179,150,179,219,170,111,147,186,196,103,142,206,103,142,173,128,128,186,165,119,128,111,137,186,119,158,158,137,142,86,137,102,142,142,142,142,179,150,128,119,137,158,150,225,219,94,158,158,150,137,119,102,86,158,137,66,111,119,119,94,59,137,158,81,137,119,165,86,150,192,94,142,158,119,81,111,111,119,119,137,119,119,81,102,81,86,137,102,52,137,94,74,59,66,94,52,111,142,111,94,102,52,86,142,111,111,111,66,128,102,59,119,192,165,74,10,94,59,52,94,81,40,35,46,128,165,111,74,111,102,131,102,136,136,86,128,86,94,206,179,119,97,94,111,119,66,59,83,66,111,142,74,81,86,136,52,128,119,86,74,136,102,59,94,81,136,59,150,66,94,62,46,62,102,66,136,76,102,94,40,32,111,94,27,35,19,35,111,73,40,81,94,119,119,165,207,207,231,196,158,196,172,158,192,210,234,232,216,179,165,165,119,219,158,158,150,102,119,136,165,186,111,102,158,158,136,128,136,128,136,210,150,128,122,145,81,94,128,86,94,158,215,179,136,110,110,145,150,192,142,150,179,136,131,223,142,86,110,150,201,128,94,113,157,179,81,54,119,102,172,86,73,46,172,186,145,142,128,46,142,186,192,172,139,150,192,165,113,110,157,102,192,128,119,119,192,210,201,186,172,102,136,179,219,240,219,196,172,192,160,157,165,110,102,86,59,59,102,182,196,201,182,157,94,110,179,136,110,128,122,201,187
74,103,158,103,158,206,128,94,94,108,150,192,173,150,165,158,158,142,173,177,179,165,196,163,150,137,150,173,142,158,173,142,142,158,150,158,186,192,158,111,111,158,173,142,186,142,86,86,86,102,59,119,142,128,102,158,137,150,173,186,222,196,128,150,102,179,128,150,102,128,74,117,111,86,111,111,128,119,102,94,119,119,81,137,52,137,137,172,86,142,142,142,66,128,81,66,111,74,81,158,111,81,59,102,192,81,32,102,59,74,86,46,66,86,94,102,165,111,59,52,119,86,86,74,102,128,165,150,23,52,137,119,86,40,81,52,46,86,74,52,59,59,81,142,111,35,48,66,150,102,158,119,102,68,74,66,119,192,172,119,119,66,66,136,158,136,86,119,111,74,142,86,94,128,111,111,66,128,74,111,119,74,119,165,128,86,142,35,66,102,40,111,94,66,81,111,150,40,46,59,55,35,19,37,73,86,111,73,19,102,52,102,158,136,186,165,210,194,186,187,142,131,179,201,201,228,234,172,94,179,142,128,192,158,131,172,158,172,179,150,158,142,142,158,128,128,94,111,186,186,158,142,94,119,73,142,102,119,131,201,215,179,119,119,128,150,165,206,172,128,136,128,172,196,150,73,96,94,158,142,128,142,157,172,113,139,142,175,119,31,52,81,139,128,150,102,46,102,157,165,142,165,172,172,172,201,196,122,88,179,210,186,157,94,223,81,102,201,139,94,179,216,179,206,157,142,186,157,165,210,210,192,201,208,110,165,172,142,128,157,145,96,81,119,145,113,165,194,150,157,186
81,81,111,158,222,244,165,111,137,158,94,192,74,126,158,142,165,179,196,186,150,142,137,173,179,137,134,158,158,165,142,137,173,179,158,158,165,186,128,111,150,128,142,179,137,86,102,126,119,86,83,102,111,81,59,59,142,172,186,196,192,172,94,94,137,128,102,137,94,119,71,94,128,119,137,111,111,111,74,81,74,86,137,66,59,102,94,142,165,94,119,86,165,94,111,102,102,111,94,137,142,137,74,142,119,59,59,66,102,66,46,52,102,128,66,111,137,128,81,81,94,102,119,137,119,137,137,128,86,59,94,102,165,119,32,59,81,94,81,62,46,35,35,86,86,81,74,102,111,119,119,74,35,81,86,86,128,165,142,88,111,119,74,111,196,158,111,119,102,165,122,81,74,165,111,119,94,74,114,119,119,74,66,150,172,119,52,23,59,81,105,52,81,94,59,158,150,73,52,40,27,23,40,52,102,119,33,86,46,66,111,111,210,142,179,196,172,206,142,142,158,128,94,119,150,223,201,94,81,128,192,150,128,186,111,165,160,139,158,165,128,142,150,158,136,94,158,186,172,172,179,172,81,111,128,94,102,158,179,216,196,175,150,142,119,128,168,192,172,128,128,119,150,192,172,136,81,102,142,119,102,179,157,119,139,142,128,54,119,40,81,81,145,128,119,94,94,157,119,139,187,142,119,201,201,194,194,182,110,201,197,186,192,157,136,104,186,142,86,165,192,172,182,102,110,168,165,203,172,236,225,212,225,232,201,206,206,219,186,150,110,83,86,66,94,150,201,215,186,136,157
81,142,192,196,210,243,242,236,74,86,142,137,66,120,150,150,179,196,215,179,66,137,165,158,140,179,142,142,165,179,137,158,201,158,158,165,165,165,128,142,150,102,158,150,128,94,119,142,147,81,179,128,111,94,53,74,165,196,158,179,165,137,94,81,94,119,102,111,81,86,111,74,165,128,119,111,66,59,59,86,128,94,66,46,111,86,81,111,192,59,86,74,150,119,128,142,128,111,81,111,137,102,111,102,111,119,111,102,59,86,52,128,111,94,128,66,102,142,158,81,119,102,81,102,66,111,158,179,40,119,142,165,46,86,81,23,94,94,52,66,27,40,81,23,35,102,86,52,66,111,111,86,74,119,145,94,66,122,136,119,94,59,66,102,136,86,88,102,94,136,136,74,128,128,128,136,66,111,136,102,59,74,86,150,150,52,19,35,136,74,102,52,96,66,119,128,128,128,59,52,73,46,86,96,52,102,35,73,136,46,165,186,196,119,139,172,142,150,150,142,165,119,52,94,179,172,145,46,119,128,136,119,128,152,119,165,150,128,111,165,128,86,142,122,128,150,119,165,168,192,128,172,81,142,102,81,136,179,206,201,122,110,158,158,110,119,158,192,165,179,128,150,197,196,192,119,102,142,128,86,122,157,150,102,102,110,110,94,150,86,81,142,136,110,142,128,128,128,94,119,196,186,165,192,201,186,168,186,196,131,122,215,201,142,206,179,179,165,196,165,172,150,130,119,165,219,128,136,165,160,229,201,194,234,192,160,249,157,86,150,136,102,102,136,165,165,165,165,179,128,201
95,165,196,179,240,222,242,243,86,201,128,179,134,128,137,140,177,201,201,165,94,150,219,111,158,137,150,128,128,173,137,196,173,137,150,192,158,128,150,150,102,94,111,179,137,119,150,137,128,94,128,94,94,102,102,150,179,201,186,111,142,81,66,94,59,119,111,119,111,102,94,46,86,137,102,66,59,52,102,137,158,86,59,59,86,86,52,86,142,102,74,94,66,119,102,111,102,86,81,86,81,102,128,66,102,111,81,74,94,94,128,81,74,137,158,94,94,111,111,111,46,102,137,52,111,52,142,137,62,81,119,172,66,27,40,66,40,81,52,94,94,16,40,40,10,81,142,74,74,142,40,81,119,136,76,119,119,94,59,66,97,66,142,119,94,81,81,46,136,102,119,119,136,102,128,128,119,136,81,59,94,86,40,74,142,74,42,66,165,158,111,136,81,81,119,105,102,66,94,102,142,111,102,111,86,73,102,102,136,122,136,179,179,136,102,111,142,150,206,158,165,139,94,142,145,158,196,86,86,86,102,128,196,73,128,142,111,142,86,102,119,102,142,165,119,136,158,196,136,136,150,81,142,81,142,196,172,201,206,203,128,119,142,142,128,128,179,158,215,182,150,179,186,206,158,136,150,136,81,46,81,119,110,102,136,142,142,150,142,94,142,136,81,110,86,86,128,136,73,81,172,186,136,172,206,172,160,160,175,172,157,186,175,210,210,215,172,215,225,172,102,142,142,142,157,194,136,110,150,168,192,94,219,210,196,142,130,157,150,179,172,165,152,172,216,192,172,152,94,192,216
111,81,128,215,236,222,196,150,179,94,94,137,173,126,165,137,142,165,192,165,142,150,165,173,86,165,111,165,111,150,150,142,165,165,150,173,150,128,158,150,94,94,111,173,150,150,140,158,137,86,102,137,119,128,158,179,225,219,165,179,158,81,66,81,86,102,142,119,137,59,74,32,94,102,81,94,94,74,119,111,128,128,119,66,94,35,59,94,102,128,81,74,74,81,102,74,66,114,102,69,59,111,137,81,59,111,119,74,102,86,128,128,172,59,137,102,66,81,86,137,142,59,94,102,59,52,111,128,55,66,172,172,81,86,74,94,94,27,40,52,86,86,35,32,32,74,94,74,158,74,201,136,81,119,102,119,46,23,27,27,136,192,102,35,136,102,102,86,165,128,81,86,150,111,81,81,74,66,59,83,102,35,16,74,111,81,128,52,142,172,136,182,165,66,73,128,111,81,81,119,136,136,111,119,136,86,111,136,94,158,165,150,196,165,122,111,158,186,201,187,142,186,206,172,94,172,219,128,59,142,207,165,165,102,165,111,102,128,119,66,142,158,111,136,192,165,179,158,206,119,139,81,110,119,158,158,172,210,186,186,139,81,136,158,172,158,165,172,187,210,179,119,201,96,128,219,136,136,86,46,66,81,94,136,150,150,179,157,142,128,150,142,110,102,75,86,110,113,81,136,157,165,142,179,201,157,150,179,110,179,186,128,157,102,119,83,136,175,165,165,157,128,94,86,142,119,81,94,119,94,145,139,210,206,196,157,122,157,219,179,179,179,172,142,226,242,179,142,102,128,86
95,103,165,225,201,158,142,66,81,142,142,165,150,140,165,103,158,192,150,86,94,128,150,173,81,142,173,137,111,137,158,137,119,137,165,150,165,173,150,137,142,142,119,119,158,150,128,196,179,81,74,158,119,137,158,192,215,215,172,172,172,119,137,74,128,142,74,142,142,59,111,59,111,119,81,102,119,74,59,111,142,128,111,46,94,46,66,102,94,111,111,74,52,59,102,74,66,111,74,86,119,119,102,102,94,74,86,86,102,81,111,111,119,111,102,46,66,59,111,137,128,119,94,102,94,59,111,59,32,66,137,128,86,59,74,94,74,35,74,94,74,81,23,74,66,46,81,128,66,186,74,158,86,136,102,165,201,158,59,46,74,150,136,201,94,102,111,86,81,111,119,128,86,150,128,111,86,27,66,119,35,27,81,59,186,150,94,33,150,206,210,102,150,111,86,119,136,114,59,94,102,86,119,102,172,128,128,158,128,136,210,179,179,165,158,119,128,179,206,206,158,206,223,150,142,201,186,165,119,158,201,172,150,196,165,128,128,105,111,111,142,150,131,136,165,165,150,158,210,136,66,66,142,94,73,165,201,179,160,66,136,142,136,168,172,165,139,136,186,226,186,172,150,192,52,172,142,172,142,96,102,73,142,172,119,179,165,128,172,110,102,136,136,81,96,73,128,105,59,142,212,165,119,150,179,157,168,187,94,172,119,128,119,102,150,150,157,165,145,86,59,94,179,179,119,110,102,88,94,157,81,110,186,157,128,157,94,201,201,172,172,59,12,27,119,210,139,66,86,59,52
95,137,165,196,111,120,66,74,53,66,53,120,150,142,165,137,128,158,150,74,81,137,165,165,128,103,119,186,103,103,158,128,94,119,165,158,150,142,119,128,142,137,142,165,128,186,137,186,142,94,66,128,142,111,119,186,179,172,165,119,137,137,102,52,192,111,128,111,128,119,52,59,119,86,59,86,111,59,41,165,158,46,86,32,128,52,46,111,111,66,142,46,32,74,81,94,94,74,94,111,137,94,86,111,150,81,94,102,102,81,74,59,119,128,74,74,94,81,86,128,102,86,59,74,128,66,128,158,59,102,94,102,94,102,81,86,81,74,94,111,94,81,27,32,94,74,19,142,172,119,158,105,165,136,172,145,128,150,94,119,142,102,128,86,142,128,111,94,94,94,136,111,196,158,152,23,37,81,40,46,66,52,94,52,94,111,46,46,145,150,201,165,165,158,136,66,142,158,128,73,73,66,128,136,150,136,128,158,192,94,196,150,197,192,158,119,142,186,215,212,201,206,172,158,186,192,186,219,165,128,158,196,172,165,165,192,179,111,119,136,122,102,128,142,172,175,196,196,182,136,73,102,150,94,94,172,179,150,102,94,105,122,110,110,158,172,136,110,201,102,179,150,128,192,110,94,128,102,172,157,128,119,136,179,142,186,110,201,81,179,110,128,119,73,119,46,196,73,86,136,145,168,136,61,119,145,145,136,165,119,142,136,61,119,150,186,110,119,186,110,40,119,225,251,219,128,94,88,73,73,197,201,197,128,165,232,160,192,192,179,150,9,1,19,73,128,136,86,46,59,102
74,179,173,111,137,111,111,46,66,46,165,142,128,128,165,137,120,186,173,103,111,150,137,192,111,137,192,192,119,173,137,158,137,81,150,158,111,150,186,165,137,137,196,210,186,150,102,142,142,142,94,128,165,128,86,150,128,111,150,86,81,111,102,94,142,81,192,59,102,94,111,86,119,86,81,66,59,66,102,119,150,35,111,41,128,102,86,35,150,35,94,35,52,86,59,111,128,94,119,102,102,94,74,94,119,111,94,128,94,52,66,81,119,137,94,102,137,111,81,81,59,59,81,46,81,111,102,128,86,102,111,66,88,111,102,86,86,40,40,81,66,32,32,32,35,59,74,128,179,165,186,192,165,158,136,175,142,136,165,142,142,142,150,111,94,152,150,111,74,186,119,59,136,46,52,68,94,52,66,52,81,94,32,59,59,40,52,119,142,186,158,165,186,179,160,150,142,94,81,66,59,102,111,94,94,136,102,150,179,165,210,206,206,172,139,165,172,206,192,165,179,165,119,172,136,179,186,215,210,152,119,172,136,119,196,192,165,145,102,94,119,122,119,172,210,172,165,216,192,119,128,150,150,128,142,186,196,136,102,94,136,179,105,119,150,110,160,186,142,86,158,172,128,172,136,150,66,81,165,219,102,102,142,128,179,150,113,73,196,172,73,119,61,150,35,48,86,73,73,110,128,206,136,46,59,73,128,142,157,86,223,88,136,110,150,186,157,150,172,94,81,179,229,239,219,94,165,94,175,110,179,236,201,196,128,150,224,110,110,201,196,35,1,12,96,102,81,102,142,119,81
81,74,95,111,158,165,173,66,209,120,137,137,142,196,128,150,186,111,74,86,150,158,210,111,119,215,150,94,119,142,137,103,117,137,165,158,179,186,150,150,179,150,179,222,165,128,111,137,158,119,142,102,86,102,66,74,86,111,150,119,81,119,119,128,81,81,142,111,71,102,86,94,119,102,59,81,94,66,74,102,102,94,86,66,102,137,81,86,102,66,119,59,119,32,74,150,111,74,86,59,111,94,46,137,94,52,119,142,81,86,119,111,46,158,119,111,128,128,111,102,66,52,81,66,59,165,128,74,81,119,66,69,59,111,94,94,94,32,29,94,46,35,27,32,40,52,111,172,158,136,196,186,128,119,94,158,136,128,165,150,94,136,119,111,142,119,111,119,158,74,102,74,59,52,81,111,102,35,94,102,46,52,128,81,35,52,119,158,142,201,102,192,114,194,158,136,128,81,59,73,66,102,111,111,179,102,158,119,102,215,165,219,179,179,187,206,131,150,158,172,150,86,73,111,187,186,179,187,192,111,128,128,186,94,158,165,150,150,94,111,136,136,158,203,201,150,206,223,165,192,196,136,158,110,172,242,201,128,128,152,128,136,136,158,136,119,165,175,128,136,168,158,119,179,142,86,94,136,128,150,150,119,128,73,96,142,150,179,94,110,86,128,113,128,86,42,150,81,35,128,179,186,203,136,94,102,179,168,179,240,157,128,157,73,145,165,219,157,179,210,194,142,172,206,186,142,172,157,142,81,201,208,196,139,210,142,119,73,94,186,172,59,5,12,142,102,59,128,81,102,94
103,95,120,95,120,142,173,225,165,103,128,158,142,173,137,111,128,150,158,158,142,201,111,201,111,142,74,150,137,173,119,142,74,215,179,173,173,128,150,173,179,150,111,173,186,119,183,94,172,137,117,142,111,41,27,74,137,158,150,119,74,86,111,128,111,59,74,111,86,59,41,102,102,94,59,74,86,74,94,102,94,86,102,128,74,119,81,102,81,160,128,102,94,81,137,111,66,59,81,62,66,128,59,128,102,74,158,140,111,150,74,119,35,102,119,86,74,128,137,94,119,59,52,86,94,137,102,52,74,102,59,94,74,74,81,94,111,59,35,86,74,35,40,40,94,46,111,172,142,179,165,150,128,136,111,142,136,136,119,119,128,119,215,150,136,142,128,119,128,59,23,66,102,94,122,86,66,81,119,94,52,74,119,136,52,111,165,102,158,119,119,122,165,136,203,136,59,111,119,102,73,86,136,102,94,150,119,86,52,194,119,215,150,206,222,186,192,186,186,119,119,111,86,102,102,186,136,179,119,94,136,179,165,122,128,194,142,179,158,128,111,150,201,207,186,223,223,172,179,232,179,172,150,172,234,223,216,192,186,158,142,142,165,192,158,186,150,179,165,150,110,150,179,142,131,102,94,128,145,110,136,150,94,66,105,179,119,110,102,142,119,94,119,73,105,73,73,110,94,128,142,128,219,238,201,208,223,234,229,196,142,157,119,94,86,172,206,187,210,219,172,96,110,165,206,201,59,94,59,86,172,179,219,179,168,122,110,94,88,136,128,81,59,68,142,150,86,61,59,73,88
142,215,111,66,120,163,165,120,199,103,94,111,128,94,209,165,103,137,173,201,128,128,210,196,150,158,150,173,94,201,128,201,86,215,165,137,150,173,158,137,179,165,158,192,173,142,165,128,196,102,111,158,111,111,81,128,111,128,142,86,74,111,119,66,86,66,94,66,102,59,59,94,86,94,74,59,66,119,128,119,74,74,102,86,66,111,111,66,128,153,111,128,81,111,111,86,74,102,102,81,94,172,137,86,142,196,81,119,128,119,81,111,59,74,66,102,111,111,119,86,137,86,52,137,137,111,86,59,59,128,142,102,74,119,137,94,66,74,46,52,94,86,66,74,74,59,158,150,158,210,128,158,142,158,74,111,142,142,111,94,136,86,40,136,172,150,128,66,102,48,81,136,102,136,81,81,119,119,86,46,55,119,172,102,81,168,186,142,158,142,142,179,128,150,142,94,66,142,150,81,119,142,128,119,179,142,128,111,111,94,172,196,142,186,150,186,219,172,142,128,83,94,86,119,81,150,150,192,128,165,94,165,94,206,111,192,172,179,179,150,150,186,201,196,206,206,186,160,206,206,201,179,158,236,225,197,225,206,201,165,165,196,150,179,186,172,122,158,186,142,142,150,94,136,136,94,81,122,136,86,110,150,102,122,186,157,110,150,172,142,136,128,128,94,81,86,81,150,142,110,102,150,210,223,210,235,236,223,215,142,150,66,157,136,165,94,119,128,165,130,136,165,128,179,210,206,102,66,61,81,102,245,242,215,81,150,73,128,86,102,136,73,75,136,128,128,86,66,19,226,81
206,120,128,108,81,86,74,137,128,46,103,173,137,165,128,150,158,108,142,147,111,158,137,119,111,142,186,103,158,158,86,128,179,142,142,137,128,128,142,111,186,179,142,119,165,165,150,210,119,158,94,219,158,137,172,128,74,137,172,119,142,111,111,66,102,119,52,102,81,94,52,94,128,111,74,52,94,119,102,81,94,94,74,86,74,119,94,86,102,111,137,111,81,81,94,119,86,137,119,86,128,158,158,94,128,137,94,137,119,137,128,35,46,119,111,119,66,81,119,128,74,52,74,150,105,102,128,74,74,142,165,137,94,142,158,119,86,46,35,74,94,52,40,86,66,111,66,196,186,142,150,158,119,128,128,102,86,142,111,94,136,102,196,102,179,142,128,128,13,66,66,119,136,119,94,119,136,66,35,59,128,128,142,142,175,128,150,158,158,136,111,186,179,186,113,111,179,73,40,119,158,136,142,145,150,158,119,119,94,46,206,179,128,102,136,179,206,201,136,81,86,111,136,142,102,128,158,119,165,192,119,150,142,102,131,179,196,158,131,179,206,207,206,192,179,165,210,192,196,186,228,128,240,207,196,192,165,172,150,179,158,150,158,150,186,192,142,94,158,122,113,102,119,110,105,119,122,136,128,96,142,150,142,157,157,110,119,119,128,86,150,73,94,157,131,142,119,142,102,119,175,136,119,142,102,165,196,136,220,196,136,94,157,128,102,122,128,192,128,157,142,119,165,157,157,196,196,128,157,35,187,255,250,192,110,150,46,150,73,73,119,81,73,102,102,119,88,59,54,128,102
201,128,111,128,86,74,103,111,81,74,158,103,111,158,128,86,158,128,74,137,119,94,94,186,111,142,119,158,128,165,119,86,137,179,173,173,137,142,173,179,150,150,179,165,165,170,158,186,172,179,225,66,172,81,142,142,128,179,172,81,119,94,102,165,137,94,66,94,66,119,66,102,52,86,86,94,94,74,81,119,86,102,86,74,128,41,69,94,94,111,128,81,74,94,119,142,128,128,102,86,128,111,102,81,74,119,142,122,86,137,111,46,59,111,119,86,55,86,111,81,102,46,32,66,52,94,172,81,81,128,158,158,137,111,137,165,94,40,59,102,94,59,68,74,119,86,74,119,150,94,179,150,150,142,142,119,94,81,86,128,136,102,172,128,165,119,102,74,35,102,52,128,172,102,86,86,74,35,40,102,142,186,158,94,111,172,142,186,165,142,201,142,186,150,102,111,111,86,59,119,150,119,142,165,172,165,94,102,150,192,186,182,232,179,158,179,206,179,122,158,194,165,128,119,172,119,73,165,192,186,119,111,102,86,150,150,179,158,182,186,186,228,219,158,158,172,172,186,186,165,136,244,165,142,158,150,136,158,94,175,165,119,182,186,160,172,158,119,119,142,86,119,83,52,136,142,110,142,139,128,150,142,142,179,150,192,128,94,94,119,102,94,81,157,186,196,160,94,157,160,128,168,175,119,52,96,157,102,157,168,201,172,172,197,136,128,157,197,192,172,142,179,136,128,215,212,150,68,94,142,203,251,210,186,196,59,52,37,83,119,136,94,52,59,86,128,81,40,102,119,102
177,142,150,120,86,111,137,158,86,150,94,64,142,137,120,142,103,81,86,103,111,111,137,119,119,142,128,111,150,210,86,128,142,196,173,173,142,137,186,196,165,81,150,179,158,128,158,165,201,165,128,137,128,111,137,179,150,81,219,210,59,119,111,128,94,111,128,102,119,86,59,35,94,94,94,102,46,94,137,66,59,119,86,52,158,81,74,81,165,66,102,59,59,94,137,179,142,86,122,94,86,86,81,111,81,86,137,119,81,119,86,41,74,150,111,94,66,94,119,94,81,62,46,66,94,119,150,111,119,111,137,150,158,128,128,142,94,66,119,137,111,128,81,46,102,94,74,74,165,102,150,158,186,136,142,136,102,66,94,158,102,86,186,165,142,86,111,102,128,66,119,81,145,128,136,119,102,102,94,119,150,142,111,128,165,179,158,136,119,119,215,142,81,119,192,102,59,32,86,142,142,158,165,172,128,119,88,111,186,150,158,206,219,150,150,196,186,158,206,219,179,172,222,128,59,102,136,158,172,179,119,94,128,102,158,142,168,210,206,165,196,228,206,168,158,172,215,206,150,81,122,215,215,86,150,172,179,136,165,186,179,172,194,186,128,119,179,150,94,152,86,136,46,81,136,128,136,86,128,172,110,94,136,172,192,150,113,157,172,160,102,136,66,110,192,210,172,52,150,165,142,157,165,142,131,157,150,150,136,157,196,201,215,201,192,165,165,187,157,102,187,201,150,150,175,210,179,73,35,61,175,212,172,201,145,145,119,59,81,136,119,81,86,102,94,81,81,73,122,110,66
201,165,186,158,103,128,186,201,120,86,186,147,137,81,86,142,128,128,120,94,142,158,137,111,186,111,111,165,192,186,192,173,165,179,196,179,158,192,186,196,210,186,150,119,165,201,186,173,179,201,172,119,165,142,179,100,142,142,119,94,94,128,81,102,59,102,102,86,86,94,66,142,66,86,137,86,59,128,150,94,81,66,66,66,111,102,142,111,119,52,111,81,81,142,128,142,142,111,128,142,59,119,94,128,86,128,86,150,142,94,52,94,128,137,119,111,102,86,102,59,59,81,86,89,94,102,142,128,86,119,102,142,186,142,122,142,128,81,102,137,128,102,59,46,46,74,86,86,150,136,111,142,186,165,142,111,105,150,179,142,94,119,165,136,119,158,136,158,136,119,172,111,165,136,111,158,128,111,136,142,158,150,111,128,203,102,179,52,111,128,52,150,59,122,165,46,32,52,81,142,119,102,158,119,172,94,81,158,158,172,228,150,186,220,192,158,207,210,136,136,179,179,165,165,223,86,136,142,150,165,172,96,158,165,186,186,210,203,201,179,136,186,179,160,119,172,142,150,165,172,196,179,196,201,186,210,207,182,210,210,201,219,219,165,152,158,150,94,102,119,119,168,110,83,128,102,136,81,110,160,119,119,179,168,157,94,128,142,179,110,172,119,128,40,206,215,201,73,73,157,186,142,150,172,196,196,102,186,206,201,196,192,179,113,225,208,172,194,128,152,206,206,128,142,94,150,186,46,27,150,192,192,192,165,150,210,206,225,196,130,110,86,81,73,59,102,113,110,68,94,73
196,120,111,206,103,142,173,142,111,111,158,179,111,128,140,150,137,103,128,103,179,103,192,142,192,137,158,137,186,192,158,142,173,173,173,179,150,165,206,225,215,137,173,228,165,119,201,173,165,165,192,192,158,128,179,142,94,142,102,94,111,81,74,111,59,86,66,111,59,102,86,111,86,59,52,74,74,94,94,74,86,66,59,137,66,142,81,150,52,74,74,111,94,83,119,111,86,128,137,111,128,111,111,81,128,142,81,179,142,128,66,197,142,86,128,102,94,46,41,74,66,86,81,102,74,119,111,102,111,94,94,137,186,142,86,128,150,74,59,128,150,94,59,86,52,74,94,74,94,172,119,119,186,158,102,102,139,201,192,111,128,150,111,111,179,158,74,158,150,150,172,150,142,102,128,160,128,142,158,172,165,128,136,111,165,111,119,74,94,136,122,73,136,59,102,102,59,66,102,128,172,172,142,142,172,128,136,168,201,206,158,119,136,219,192,192,158,196,172,186,196,179,150,150,136,113,192,111,192,145,86,215,194,158,186,192,172,206,150,158,192,165,128,158,172,119,165,196,206,225,223,172,172,201,223,210,215,201,150,187,207,223,228,165,142,150,142,128,94,110,128,142,94,96,157,139,122,128,110,102,165,192,179,150,119,131,139,128,128,113,197,128,128,52,157,210,208,128,94,105,192,196,136,150,186,136,59,136,197,225,201,168,113,225,210,172,179,179,179,179,73,110,186,142,102,94,128,196,142,94,86,223,201,223,238,220,210,238,232,150,83,29,35,102,102,122,88,59,94,83,96
186,137,137,150,137,158,35,16,74,86,66,186,150,137,150,173,119,86,119,94,158,150,179,173,165,150,137,142,165,165,165,103,201,179,150,201,179,102,179,228,186,150,201,128,172,186,119,172,172,172,210,119,111,150,192,228,119,66,119,94,86,128,119,119,59,46,142,119,32,59,111,102,94,81,86,66,94,102,158,94,35,81,81,119,81,137,165,66,66,119,94,102,81,128,81,66,86,128,142,128,41,94,128,102,111,35,192,158,128,196,102,172,150,158,111,86,41,35,35,66,74,35,86,119,81,145,52,137,137,86,119,94,165,158,81,86,94,59,74,94,105,52,74,119,68,74,94,111,59,142,128,119,158,150,150,142,142,179,179,119,119,192,81,139,192,105,102,186,150,94,150,136,119,136,165,179,186,196,192,172,196,165,142,142,158,186,136,142,172,142,165,128,111,46,128,111,119,52,94,172,165,201,222,201,158,186,142,158,215,219,128,206,186,196,158,165,206,196,136,196,222,172,179,158,150,196,111,128,142,119,250,136,158,196,225,172,172,186,179,158,179,158,165,150,158,248,158,228,210,232,158,179,215,196,186,172,175,210,196,196,228,201,203,196,142,122,136,194,152,88,110,105,75,86,136,142,131,142,142,110,179,179,131,165,172,139,150,172,139,136,172,128,86,59,94,172,197,187,139,110,223,228,136,136,145,110,102,119,157,215,172,136,175,157,192,119,139,102,179,113,46,81,206,175,119,157,128,165,165,59,186,165,206,196,172,201,197,234,210,136,102,66,59,83,81,66,94,59,59,59,102
192,165,128,137,165,86,32,9,66,74,142,158,147,142,86,137,142,86,137,158,137,150,103,165,111,158,86,173,165,173,158,173,196,192,150,158,186,179,119,147,206,170,81,209,150,165,137,179,158,158,142,165,119,179,186,179,150,94,142,165,102,86,102,66,102,102,142,119,52,46,52,94,119,119,111,74,119,111,59,66,52,74,86,119,119,46,32,46,102,94,137,137,52,59,111,81,142,165,94,81,59,59,150,94,94,102,165,94,179,165,102,150,142,128,94,74,35,46,74,35,66,32,86,66,165,102,59,158,158,86,111,102,142,150,59,59,59,81,81,52,94,74,66,86,40,111,81,81,111,59,128,94,136,197,179,136,128,86,86,119,128,196,111,136,142,142,215,136,136,142,142,128,150,175,196,225,201,172,187,150,142,179,150,150,192,192,128,142,150,136,165,142,111,73,94,119,102,142,158,172,158,186,192,192,196,111,105,142,158,222,225,201,150,196,158,179,111,197,215,210,225,179,179,142,187,102,66,192,111,194,158,225,172,225,196,196,186,165,179,179,179,206,179,186,216,201,236,210,192,216,136,232,165,196,194,206,192,179,179,158,179,206,201,219,172,102,110,186,182,86,66,128,136,96,150,182,157,136,150,192,165,157,172,192,165,172,168,165,157,119,142,119,75,66,102,128,157,150,102,119,219,225,157,145,142,172,201,196,197,179,136,110,142,119,128,150,105,94,102,52,66,66,81,157,165,157,94,94,201,142,142,110,224,66,102,160,142,119,142,110,94,66,46,52,102,110,61,94,81,86,35
142,120,150,120,94,120,86,46,103,150,165,186,103,94,103,120,142,137,142,158,103,94,179,86,111,179,111,119,201,119,196,201,165,186,206,142,165,201,179,179,210,119,201,150,102,228,137,158,142,192,81,142,128,119,201,186,111,81,128,128,94,59,137,102,102,74,66,86,86,35,66,165,102,111,111,86,137,119,41,86,111,74,41,81,81,128,94,59,94,94,119,102,102,94,102,137,179,196,102,66,150,102,52,86,94,111,119,128,142,94,150,94,86,94,66,74,74,94,128,59,35,86,74,119,158,102,137,172,192,66,119,128,94,94,74,59,40,66,74,40,81,81,46,52,81,94,46,74,111,66,128,94,94,172,94,86,119,86,66,119,179,128,172,119,81,172,172,59,142,186,111,111,128,142,111,179,172,74,81,94,111,111,136,172,172,136,102,86,136,102,172,136,136,136,105,119,142,158,150,136,142,150,158,139,128,119,119,111,142,206,201,165,186,194,179,201,165,142,206,215,197,158,119,186,150,142,139,172,186,186,158,179,186,215,175,206,158,187,179,186,207,206,201,186,136,225,201,206,150,160,165,196,150,215,196,186,150,165,152,187,165,160,179,110,165,165,186,119,136,113,102,86,119,157,216,157,119,119,119,187,196,160,165,172,128,179,157,179,157,152,94,102,128,165,110,94,105,73,66,102,179,179,102,110,157,172,179,197,196,175,136,73,105,52,52,110,110,119,59,66,104,73,54,110,165,157,110,59,157,172,128,136,142,94,73,94,73,73,102,119,35,15,81,150,102,75,33,46,46,27,42
111,173,179,111,137,128,66,103,147,158,150,186,86,81,128,150,150,128,103,128,137,128,142,119,173,142,173,142,192,173,150,165,186,196,215,158,128,192,210,215,137,150,196,172,150,150,228,142,128,137,165,119,111,142,158,186,94,86,158,158,137,111,81,74,102,94,158,111,86,32,119,41,137,128,86,66,94,102,66,102,74,86,81,102,41,46,59,81,102,94,41,86,137,165,102,102,111,119,172,128,74,35,59,119,158,52,128,128,59,119,111,86,111,119,86,74,119,150,119,74,94,128,119,128,119,150,192,196,102,86,111,66,66,102,94,59,46,59,81,76,59,66,52,55,81,102,46,102,119,119,94,165,111,136,94,119,142,136,136,128,179,136,150,52,40,136,27,142,46,131,81,74,86,66,40,35,74,40,52,119,86,81,128,111,142,59,111,81,94,119,128,102,179,128,128,192,172,158,158,165,179,136,81,179,128,142,142,142,172,165,119,201,215,196,179,128,179,172,192,196,192,196,172,179,186,150,196,168,201,192,179,128,158,194,186,165,165,128,201,219,201,196,150,150,225,220,186,197,172,165,165,201,145,142,186,142,136,186,196,113,142,165,150,136,128,94,158,35,136,86,128,73,157,201,73,165,128,102,119,145,172,150,131,192,142,192,196,192,119,105,102,128,136,157,110,73,81,59,46,150,168,94,86,73,81,86,152,94,119,187,142,94,59,24,17,52,102,94,81,110,75,66,88,102,119,128,73,59,73,102,136,119,94,83,40,102,128,102,102,86,33,20,66,119,81,35,46,42,37,40,35
142,150,179,94,128,103,81,120,103,165,142,137,137,103,94,150,150,120,94,158,192,158,128,192,155,94,192,173,137,173,142,165,186,219,201,158,173,210,222,215,137,172,137,179,172,158,206,142,137,179,165,142,128,179,94,158,165,142,172,142,137,86,128,128,81,137,192,94,27,52,59,74,74,102,102,66,86,142,102,102,86,59,94,27,86,27,74,52,86,128,74,111,111,128,86,66,83,111,137,102,128,102,81,66,74,81,46,74,52,46,94,158,74,59,94,94,119,119,111,102,102,128,137,119,119,158,165,165,94,119,81,59,102,119,86,74,81,74,81,94,81,86,74,74,102,119,74,94,81,119,66,192,158,111,150,150,165,136,142,158,111,66,46,32,59,74,46,81,52,94,66,111,59,66,94,32,23,102,94,74,94,86,74,94,94,59,136,40,59,59,59,165,210,119,158,172,186,192,179,179,172,136,111,186,150,201,102,165,102,119,201,210,192,186,186,179,196,186,172,158,179,210,172,150,165,206,206,158,179,172,111,150,150,150,168,142,179,210,179,150,175,165,150,179,168,223,192,119,165,158,179,128,165,158,186,150,142,142,142,196,196,172,128,119,96,94,186,139,81,86,128,86,119,122,142,136,136,150,157,119,136,150,110,150,66,142,192,102,119,136,150,142,86,110,142,119,110,73,31,102,110,37,66,46,35,94,96,59,59,128,113,102,66,27,31,46,86,66,86,102,102,110,142,119,94,52,59,122,66,75,102,102,59,52,94,119,139,119,102,102,59,31,23,59,73,40,40,52,31,46,73
60,142,95,86,86,120,165,142,142,137,111,137,128,128,94,94,142,119,81,137,173,150,150,173,137,150,158,142,137,173,192,173,179,210,215,210,186,222,236,179,150,150,102,179,165,186,158,201,165,158,172,172,172,158,150,128,158,142,142,128,119,86,81,119,74,59,158,41,35,74,81,35,66,119,86,52,32,46,102,94,41,52,89,81,86,27,66,66,52,111,165,94,66,66,86,81,59,74,52,94,158,137,86,29,86,32,201,94,59,66,94,66,111,74,74,46,86,102,41,46,102,128,128,137,86,81,111,102,128,114,94,102,86,46,81,119,102,66,59,102,142,172,102,66,119,102,105,86,81,74,46,165,136,142,179,136,102,102,86,66,59,46,35,46,74,81,119,66,114,81,119,150,81,119,165,119,81,142,128,52,111,35,76,94,94,52,81,23,66,46,73,165,150,94,111,119,128,158,131,136,179,172,158,158,142,201,172,158,119,172,186,172,192,142,186,196,172,165,172,168,179,179,172,225,201,210,179,196,186,102,165,210,158,142,142,150,196,196,165,172,150,165,186,219,206,172,136,136,152,192,102,128,142,158,150,119,136,179,201,165,179,175,102,94,150,110,136,165,113,59,66,52,172,66,150,86,94,119,110,110,73,136,172,102,75,110,150,150,186,110,110,102,86,196,142,102,128,150,119,75,102,86,59,119,94,59,66,52,88,94,105,86,66,86,94,66,94,94,68,68,128,172,136,128,136,110,81,119,102,59,52,94,48,81,119,110,86,94,59,66,40,13,19,46,59,52,46,52,66,73,150
103,94,66,128,60,173,165,201,186,103,150,128,94,137,128,103,137,111,74,81,165,81,142,150,192,177,81,165,186,165,142,173,192,201,210,222,206,210,206,186,137,158,150,158,128,172,196,150,137,165,172,172,165,158,128,119,137,128,111,137,111,102,111,53,46,66,66,66,74,74,142,66,86,81,35,32,66,86,86,86,86,81,81,41,66,81,27,128,32,102,41,142,128,81,142,165,59,81,94,41,192,128,128,66,128,196,46,52,86,59,111,59,111,102,74,94,46,102,119,86,94,102,52,140,76,52,35,86,86,66,86,94,81,74,94,142,94,40,66,128,222,242,194,52,111,86,119,158,74,59,74,102,86,165,142,52,40,81,46,46,81,74,74,81,59,102,119,66,86,119,172,142,102,102,128,142,142,111,86,52,76,46,37,40,59,32,48,52,136,165,76,86,81,83,66,76,52,102,128,102,158,172,194,158,158,179,215,186,111,179,210,142,172,119,172,225,206,192,206,172,158,196,206,168,179,158,186,201,158,172,219,179,210,131,179,172,165,119,136,165,128,165,179,179,175,102,142,172,119,194,196,131,110,110,196,179,192,158,150,172,136,165,136,131,122,119,192,196,172,73,150,66,73,142,119,86,102,150,88,73,94,81,172,175,86,86,150,131,119,136,142,142,172,81,165,179,201,228,172,81,86,157,136,165,157,102,136,119,219,119,186,66,165,102,110,130,81,168,128,73,86,157,136,102,157,194,66,86,119,52,83,104,52,142,81,86,37,59,46,46,66,24,19,66,75,66,59,66,86,102,142
81,111,86,120,137,192,201,111,128,86,103,128,103,137,150,128,128,94,74,142,165,128,128,165,165,165,128,179,142,137,137,142,206,201,192,215,225,196,165,165,128,206,201,158,158,158,158,158,210,172,128,142,172,150,119,137,137,142,128,128,137,128,74,81,102,128,86,81,119,128,86,102,102,52,86,52,81,81,74,52,66,102,86,102,59,74,59,86,52,41,128,119,142,137,128,172,142,94,150,142,142,142,158,172,142,41,150,119,119,81,128,86,119,186,86,59,74,52,119,32,46,102,66,102,52,81,32,66,40,59,52,102,40,23,74,74,86,52,35,210,254,238,165,59,111,102,192,150,66,81,128,102,74,142,102,40,40,74,81,74,74,59,66,81,86,94,81,81,66,102,119,74,81,66,32,81,128,74,46,40,35,66,81,35,27,48,59,94,136,172,94,59,86,73,59,59,81,119,119,73,128,192,192,131,158,182,158,192,136,225,186,215,142,160,165,201,215,192,203,203,165,186,172,150,182,119,179,196,179,201,196,142,179,158,158,150,172,186,158,172,186,165,201,165,142,94,150,160,172,158,128,110,150,119,212,165,96,165,168,150,160,179,128,94,136,165,128,142,136,83,136,179,192,136,86,119,86,75,128,86,94,119,86,136,157,136,128,182,94,179,182,122,86,192,168,142,179,157,150,150,142,150,196,172,179,142,179,215,186,201,165,150,186,83,86,122,150,179,96,73,110,119,128,94,86,119,73,94,110,102,94,104,46,142,40,61,73,54,142,102,81,52,40,66,73,66,46,33,81,119,54
165,150,27,103,120,137,137,128,19,120,103,142,137,137,150,192,142,94,150,201,165,173,158,137,142,165,142,173,94,192,179,111,201,196,196,231,222,192,137,158,137,201,225,150,150,179,165,179,219,102,119,158,142,119,165,172,158,158,142,94,94,142,119,111,137,196,111,128,102,119,94,59,59,81,102,86,94,74,35,81,119,142,52,52,128,119,46,52,111,81,86,150,128,94,86,158,192,142,102,206,210,119,192,111,150,119,86,94,119,119,145,137,192,102,81,35,86,66,66,128,52,81,86,52,81,94,32,83,27,23,94,37,27,46,23,81,66,81,105,250,255,158,102,76,111,142,59,119,27,111,111,81,128,86,46,37,66,81,76,42,66,83,59,46,88,81,52,150,86,40,52,35,32,27,13,23,66,52,23,32,66,94,111,94,66,111,94,81,111,136,139,128,102,81,81,81,136,139,94,66,119,158,165,158,150,150,73,128,186,225,136,225,165,150,136,142,186,172,172,192,150,150,219,179,172,136,172,139,158,165,136,194,158,142,81,111,192,179,152,158,179,168,150,142,186,192,128,179,150,111,186,160,94,165,131,165,158,102,165,160,113,157,131,131,145,172,66,66,46,122,142,86,122,150,142,139,86,66,102,142,142,128,46,66,172,172,102,122,142,136,110,175,172,59,94,110,75,40,19,59,136,165,179,179,165,192,215,223,226,206,150,165,86,194,165,81,157,150,66,40,110,102,94,81,73,102,102,128,61,128,66,110,46,61,86,73,119,94,157,128,59,66,73,59,88,102,54,31,52,86,61
192,137,120,53,120,137,142,137,142,128,179,128,128,86,86,142,142,137,179,137,158,111,192,192,173,137,142,158,186,142,150,150,179,192,206,225,219,192,158,165,179,192,142,142,128,222,186,119,179,142,179,142,137,119,158,165,142,150,128,94,74,165,142,128,150,142,81,119,81,86,111,86,81,74,46,86,102,66,41,35,66,128,111,52,102,94,41,94,94,74,119,192,94,52,158,186,111,86,150,150,128,128,119,74,94,128,111,86,172,102,192,142,128,111,86,59,81,111,81,102,66,52,81,66,81,66,52,59,40,81,86,119,27,35,19,102,86,32,192,255,255,74,46,94,165,128,86,32,52,136,59,179,111,86,81,59,46,59,40,42,66,74,94,46,35,94,86,102,94,23,32,32,16,32,46,16,27,66,66,52,119,136,165,234,210,165,86,40,55,119,158,150,142,142,136,119,136,136,111,73,66,119,179,192,179,111,94,150,142,150,136,81,158,136,119,142,158,150,128,119,128,172,201,179,165,186,186,119,111,122,165,196,165,119,119,136,165,119,158,165,152,196,150,136,150,165,119,165,73,128,210,186,150,150,102,119,172,192,172,158,128,142,128,81,179,119,27,27,66,73,46,172,86,94,128,110,128,136,119,73,86,119,110,81,119,172,75,192,150,96,196,81,88,136,119,122,52,9,9,105,179,136,157,165,150,128,136,179,192,175,136,142,136,130,110,130,157,165,128,61,104,150,142,119,66,94,94,94,81,104,81,86,40,48,142,104,130,54,73,94,52,35,52,81,96,81,66,66,73,46,83
228,137,86,120,158,196,201,128,66,103,163,179,120,111,128,60,158,206,128,111,128,165,192,179,81,142,222,111,179,74,137,142,150,172,142,137,186,201,158,142,210,172,94,150,192,179,186,172,158,196,196,137,165,150,119,150,119,111,137,150,102,137,81,137,128,102,59,46,94,74,111,119,102,74,41,86,74,41,74,19,59,111,128,119,52,81,35,94,94,119,102,179,102,102,206,210,128,81,86,74,81,119,81,128,111,59,81,86,102,59,94,114,59,32,86,142,74,102,111,52,59,46,74,94,23,40,59,81,86,150,81,66,81,66,111,81,52,111,225,253,242,158,137,111,136,114,128,86,165,66,165,158,172,74,94,86,52,52,81,81,35,48,59,59,74,94,86,35,86,35,23,23,66,102,128,46,52,119,172,128,119,215,253,254,254,131,68,23,19,105,94,102,186,186,119,111,102,128,119,59,32,59,158,196,128,81,142,131,142,119,52,52,111,86,86,128,165,142,94,81,102,142,142,172,158,175,192,142,119,136,172,172,142,142,142,136,179,165,136,186,179,158,128,150,172,119,152,165,150,73,172,192,142,110,136,142,150,192,158,110,86,94,136,119,110,196,33,139,86,83,203,110,119,52,110,81,131,142,136,110,59,94,110,73,168,23,225,152,102,142,128,142,86,35,145,172,75,35,46,119,215,165,110,165,142,172,157,136,94,168,128,150,150,119,88,119,165,136,86,66,94,94,110,94,52,52,86,128,102,66,46,48,66,54,128,73,119,46,23,81,110,73,81,81,35,27,52,66,110,40,46
179,158,158,137,192,244,142,120,142,103,158,165,137,111,103,158,158,179,142,111,142,192,142,158,137,173,186,128,186,196,119,137,165,137,102,119,201,215,158,128,172,158,186,119,150,165,215,158,172,172,165,137,165,158,142,119,137,137,150,172,142,81,86,119,119,128,66,52,74,102,81,119,119,86,86,81,52,52,102,102,142,32,86,74,52,111,35,66,86,150,111,128,150,142,210,222,165,81,41,81,94,94,62,66,74,119,74,46,20,35,52,27,32,94,111,119,59,37,74,46,35,41,86,46,41,102,86,66,111,137,122,119,119,74,94,111,52,142,234,234,238,201,158,136,81,81,94,186,81,119,128,142,119,136,142,111,74,66,59,81,52,94,142,158,136,59,128,27,128,111,52,86,215,210,179,197,150,111,192,197,128,245,254,254,231,66,66,33,19,40,94,73,150,150,59,46,59,102,111,52,32,33,136,119,83,73,128,96,158,59,59,86,81,81,59,83,66,66,52,66,86,122,111,165,158,158,186,172,150,142,158,136,150,165,158,165,186,172,168,196,179,142,165,128,136,168,168,179,142,110,128,179,142,119,136,142,150,182,136,94,81,46,46,66,119,142,136,136,119,110,86,179,81,86,136,119,119,110,122,150,83,59,102,94,128,94,128,81,102,172,102,165,136,142,128,110,102,157,192,179,150,142,110,94,102,244,165,73,81,94,94,102,73,59,110,102,110,110,128,110,94,46,31,94,81,52,73,88,81,35,73,23,73,73,81,94,59,40,48,167,157,59,73,81,46,24,40,35,40,31,46
196,94,150,192,137,219,74,74,111,100,111,120,173,192,137,103,173,158,142,158,142,165,137,142,179,158,128,186,150,94,128,150,142,128,119,119,165,172,196,163,128,150,137,165,158,165,186,142,179,201,165,137,150,192,158,111,142,179,150,179,150,86,128,111,165,119,81,94,66,111,46,128,142,86,81,66,41,66,74,119,128,16,86,52,81,66,89,94,35,94,66,128,158,86,201,201,111,74,52,172,59,35,111,102,186,46,94,13,9,35,35,27,37,86,119,59,46,66,46,23,33,74,128,66,150,102,86,158,74,128,137,150,81,52,111,119,86,66,150,192,136,94,119,136,59,35,52,81,111,128,59,136,172,142,119,196,165,111,111,158,192,136,160,196,102,114,74,81,165,150,142,201,236,236,231,228,186,128,187,172,150,192,142,165,102,94,81,86,94,35,102,94,76,94,32,32,46,86,102,40,52,94,111,52,35,94,59,102,94,40,102,73,94,94,37,27,40,40,73,111,111,111,94,172,150,165,187,172,165,172,165,119,165,165,142,165,142,179,186,158,179,196,165,122,158,187,152,150,110,119,119,150,172,119,110,160,142,136,136,81,102,59,59,86,73,150,201,142,110,75,94,128,142,136,142,142,86,73,81,81,128,128,66,52,86,110,110,94,119,142,73,86,52,136,88,168,128,136,179,142,66,94,136,110,160,119,119,157,59,52,46,102,59,86,88,94,35,102,130,119,73,73,86,81,73,66,46,66,167,31,110,23,40,122,94,66,52,73,86,94,110,122,40,59,122,31,46,86,59,46,73
120,155,111,150,137,201,126,81,23,158,111,137,173,111,119,137,66,111,192,150,150,165,192,158,119,158,158,179,142,81,137,150,102,142,158,165,150,150,179,142,134,158,158,128,179,137,158,206,150,142,165,165,158,196,186,158,142,142,158,150,137,128,119,111,128,94,86,119,102,94,94,111,111,102,52,52,32,32,74,86,94,23,52,119,74,46,102,94,46,52,81,86,81,111,196,119,52,111,119,111,23,52,196,111,158,46,41,66,35,41,23,74,102,119,102,59,35,81,59,16,102,59,128,128,66,46,94,66,158,165,128,137,62,35,86,102,102,137,158,186,66,19,40,74,32,52,81,35,59,94,74,86,66,102,119,128,172,150,158,111,128,142,83,165,165,86,158,111,102,158,94,150,165,196,186,196,215,196,165,111,66,158,128,172,94,86,119,150,128,81,52,86,52,52,81,73,62,66,86,62,86,128,94,81,32,83,37,81,35,59,94,46,86,59,31,33,46,54,102,150,81,66,81,119,128,102,179,160,139,172,122,128,122,142,94,172,179,192,179,136,206,172,172,158,128,136,128,139,128,119,86,136,150,102,102,172,165,81,86,119,110,102,102,110,128,136,136,157,128,128,110,102,175,157,128,119,128,110,66,136,168,102,66,94,119,119,110,110,172,142,66,59,136,175,110,96,152,102,110,136,142,119,119,136,52,192,150,59,31,81,42,142,83,104,122,52,59,86,81,81,40,102,192,23,66,46,68,110,75,73,46,27,119,52,48,145,94,40,86,102,94,96,81,59,104,86,102,73,128,122,150
150,150,103,103,165,173,103,74,66,128,128,137,92,94,137,119,103,111,119,111,137,142,137,179,86,142,179,192,142,150,74,137,150,158,158,86,137,210,165,158,196,150,186,172,165,119,179,201,179,165,119,142,158,128,142,111,137,128,102,102,142,111,142,142,46,74,74,86,111,128,137,94,94,94,37,35,23,35,119,86,86,46,46,114,81,66,81,86,74,52,86,59,102,86,137,128,66,59,86,94,52,111,128,59,46,83,23,165,23,94,94,41,86,165,86,46,52,32,66,74,86,128,186,86,94,35,165,40,86,111,111,81,40,35,52,74,74,94,150,94,81,23,111,66,66,6,74,111,74,88,35,76,74,23,32,35,59,81,35,46,81,86,86,111,172,74,94,150,111,81,102,81,81,102,172,206,187,136,128,142,102,136,186,102,88,52,142,192,59,94,66,102,68,35,76,86,73,59,52,81,81,94,73,81,46,46,46,46,81,68,94,76,76,35,46,81,66,46,81,102,66,52,81,81,111,66,131,111,150,150,88,150,94,136,128,186,192,186,172,94,172,94,212,81,122,86,119,110,136,110,110,81,59,81,81,142,128,40,59,110,113,110,128,110,81,128,142,102,136,119,136,201,187,142,128,122,128,165,142,142,172,81,86,128,136,179,179,142,165,145,136,119,165,136,73,27,66,150,86,119,168,168,81,94,81,59,136,94,86,27,94,102,35,66,94,88,119,66,86,94,142,81,35,52,73,27,81,37,119,10,102,66,119,35,142,59,102,73,94,160,128,119,196,136,66,172,160,81,119,225,81
142,74,120,137,120,150,165,94,137,60,165,137,86,120,137,103,158,173,94,150,196,119,66,196,173,137,137,128,165,111,158,158,173,179,150,158,192,201,165,137,158,196,137,186,128,201,192,142,142,137,158,119,158,111,86,142,119,137,137,102,137,81,102,131,81,111,119,59,131,111,81,142,74,59,46,27,35,46,81,119,74,52,52,81,66,52,59,66,59,35,81,102,94,35,66,137,66,35,81,74,59,81,41,46,41,81,41,81,81,74,81,86,94,86,46,35,69,46,86,158,119,66,140,137,94,119,23,74,74,128,119,48,46,35,32,66,81,46,68,81,74,66,102,35,94,94,9,46,35,19,35,66,40,94,66,32,23,52,40,27,23,74,40,150,128,37,119,86,131,94,74,74,86,128,136,152,136,111,150,158,128,52,66,119,122,66,94,142,73,94,94,59,128,52,27,81,48,76,52,40,40,66,52,35,32,40,52,111,81,40,86,59,40,52,59,81,73,59,81,81,66,37,81,52,81,59,81,102,94,119,81,179,136,152,186,194,172,119,94,52,102,102,102,59,119,83,73,102,160,102,86,40,66,68,52,81,110,86,54,73,81,102,110,81,73,139,192,83,86,142,94,172,136,113,61,59,119,160,128,102,142,119,102,86,142,128,102,86,81,119,128,59,110,150,59,31,54,119,157,168,165,142,81,73,136,157,110,40,66,73,81,102,110,66,136,119,160,81,81,94,46,96,110,73,27,23,73,52,17,46,66,40,128,73,88,40,86,110,73,122,192,136,102,142,81,201,86,142,94,119,54
137,86,120,128,120,103,173,165,94,86,150,142,103,142,150,142,150,179,165,94,150,150,150,196,173,158,142,192,94,119,128,128,119,150,165,137,119,137,158,119,192,150,186,74,150,128,66,158,172,165,150,137,102,142,81,94,150,128,86,142,66,94,219,46,137,111,137,102,102,94,74,74,41,35,41,35,66,46,81,128,41,46,59,35,35,74,16,32,41,59,74,46,46,66,66,102,81,41,46,52,41,35,32,66,52,74,74,46,94,55,94,69,46,41,27,35,52,119,102,41,66,66,128,119,83,52,81,150,201,186,111,94,35,19,35,74,94,74,40,94,46,66,81,46,35,86,40,66,40,35,33,66,52,46,59,59,59,35,74,42,158,74,35,32,32,48,74,94,74,55,102,74,81,52,136,128,111,150,175,119,74,74,119,86,102,73,52,119,102,94,94,81,119,142,46,59,102,46,35,48,32,35,46,35,52,54,52,81,52,32,54,94,46,59,86,94,81,81,111,52,31,52,102,52,40,81,73,81,40,66,102,186,139,172,215,186,102,52,68,59,66,111,59,94,35,110,46,81,119,31,73,40,102,46,35,42,110,128,73,31,46,102,86,94,113,81,192,110,59,102,66,73,86,81,31,66,110,59,86,145,122,136,94,35,73,81,86,52,81,94,142,73,110,110,128,52,59,81,128,142,110,139,136,102,59,35,52,35,40,86,37,52,128,81,52,73,94,86,94,119,73,42,66,31,27,73,73,40,40,35,35,31,66,66,86,86,68,102,110,94,94,150,113,52,73,94,86,201,128,150,66
137,142,86,128,128,103,128,137,120,111,142,150,142,142,137,119,142,128,119,86,137,142,179,165,173,179,102,186,150,119,94,142,142,119,158,186,150,74,74,128,94,142,142,86,128,66,94,179,119,119,111,142,111,137,142,137,142,86,179,142,74,158,128,35,128,119,111,74,81,46,41,41,41,35,41,46,52,111,94,46,52,66,41,23,74,35,27,27,46,66,41,27,59,94,66,46,46,46,52,74,81,74,74,94,41,52,111,32,46,86,41,35,46,59,59,46,52,59,52,27,66,111,86,52,52,59,86,172,206,158,81,52,35,35,35,46,86,111,81,66,66,46,74,46,59,52,59,40,46,37,27,66,52,102,66,94,66,35,52,128,52,35,59,40,105,81,66,102,102,42,74,74,81,46,119,158,136,179,172,158,66,35,81,136,94,119,86,150,119,59,94,52,46,46,86,94,81,81,68,76,59,40,59,102,52,73,40,40,66,54,35,73,81,66,119,136,88,83,102,73,73,111,111,86,94,83,40,86,76,81,66,111,136,150,142,94,73,46,81,81,46,73,66,81,31,94,52,40,81,27,81,66,81,59,40,46,86,110,48,27,40,81,66,81,59,66,110,94,73,46,94,27,88,52,88,59,94,59,66,157,165,157,210,73,150,59,136,73,131,94,150,168,86,94,139,61,59,102,73,81,73,128,94,86,88,52,40,81,46,73,35,46,52,54,157,119,59,94,81,46,52,66,31,35,73,96,83,52,73,54,35,31,86,73,59,94,73,119,119,75,81,81,81,73,68,66,73,119,215,136,52
94,142,158,137,111,120,81,137,120,142,86,150,128,103,150,150,119,111,111,94,81,111,142,137,150,142,128,165,128,86,119,165,137,137,128,119,142,142,111,102,150,158,74,81,158,102,150,128,137,119,137,206,142,94,128,94,86,150,172,94,119,150,102,142,142,102,52,46,41,32,81,94,81,35,41,41,52,66,46,27,66,46,81,102,86,32,81,27,32,27,41,86,66,52,74,35,41,66,41,52,89,119,102,59,81,119,81,59,66,74,46,46,46,66,86,81,74,74,102,81,59,52,74,52,35,111,86,94,142,102,66,86,94,59,46,32,46,86,86,86,66,81,66,66,66,32,74,66,66,23,46,86,74,40,52,94,86,52,86,86,86,59,94,59,66,37,111,111,23,74,20,59,186,59,46,102,111,86,114,128,152,102,142,32,86,86,81,142,59,111,73,73,59,55,35,105,119,102,119,86,86,73,46,102,81,59,59,94,59,46,73,81,136,102,94,128,128,111,111,128,128,94,81,142,96,119,52,66,150,94,20,59,102,59,59,66,102,66,46,46,35,31,46,59,86,75,40,35,40,35,73,66,46,61,68,61,59,46,66,40,27,31,35,59,35,40,40,46,46,52,52,27,52,86,66,66,52,86,94,179,219,234,254,243,119,110,160,179,142,119,145,136,136,128,73,102,113,68,73,110,86,94,61,73,105,40,81,40,46,31,35,66,42,94,73,46,35,40,37,59,46,31,35,54,68,75,35,48,35,31,52,59,81,128,104,128,157,119,119,96,59,35,46,94,75,52,122,165,144,142,136
66,196,179,158,94,142,173,74,158,35,137,103,103,103,186,137,111,128,111,81,128,128,128,165,128,119,150,111,137,128,94,137,111,150,137,102,128,165,165,137,102,41,142,186,142,150,102,119,150,142,137,119,142,94,94,150,142,128,137,150,102,137,102,119,137,150,52,46,46,94,52,66,74,35,46,59,35,86,41,41,35,52,94,81,16,74,74,41,35,23,66,59,35,66,86,46,35,74,55,86,52,119,59,52,172,102,46,142,74,37,81,86,102,74,66,86,102,119,86,52,59,94,52,35,52,158,119,128,145,74,81,94,94,81,74,40,46,83,86,119,111,74,66,35,66,35,35,81,35,33,66,52,35,46,81,94,86,46,59,102,52,40,68,52,46,74,86,42,186,46,35,46,102,52,23,66,128,59,66,128,81,86,35,66,52,94,81,94,150,73,88,86,52,62,88,86,86,86,81,59,40,102,111,46,179,35,86,54,111,52,102,59,158,94,73,168,186,102,128,179,86,94,119,142,122,113,66,66,73,40,31,52,46,46,94,111,102,86,46,40,29,46,86,86,119,75,40,33,73,110,35,66,83,66,66,40,27,29,66,35,12,27,40,52,33,48,46,31,73,66,31,52,68,81,59,73,27,59,145,128,210,238,252,254,136,122,142,150,119,128,139,142,119,73,66,131,131,73,119,142,86,110,59,40,66,40,35,40,66,46,94,81,35,19,35,46,66,66,59,42,35,35,35,73,46,40,119,27,110,46,59,94,86,110,192,102,128,81,59,54,40,46,94,102,94,110,110,81,94,192,196
74,111,142,94,94,128,111,128,35,111,142,74,173,137,103,137,137,100,74,128,173,137,119,192,94,94,150,172,111,81,86,119,94,86,142,137,137,172,165,165,137,94,111,111,142,172,142,158,119,86,86,102,158,158,66,94,142,172,150,137,102,172,201,111,86,105,105,46,46,81,94,66,41,41,74,41,59,94,74,66,74,74,35,10,32,111,41,35,102,52,41,32,74,102,86,66,52,94,128,74,74,94,46,137,158,46,52,86,81,27,94,128,142,74,35,81,81,52,46,81,94,165,41,46,81,128,160,172,137,81,111,40,40,83,94,86,66,74,59,86,86,86,46,35,40,40,59,32,66,94,74,23,32,111,102,66,46,59,81,81,59,35,86,102,66,52,35,111,102,46,96,66,32,27,74,35,46,94,111,128,74,52,86,81,27,119,52,111,35,158,23,40,86,81,48,81,111,73,32,66,94,32,119,102,111,46,66,102,48,142,94,86,94,86,128,136,111,128,145,196,136,88,94,111,136,86,94,96,42,59,128,52,40,59,94,81,66,86,73,27,35,111,142,86,52,75,73,73,102,110,66,73,66,66,75,52,23,23,66,59,27,52,86,59,54,75,88,86,110,81,119,128,81,61,31,59,40,59,66,73,136,172,186,234,168,42,52,66,128,119,131,136,75,81,102,66,102,110,136,165,110,105,86,66,40,66,66,52,46,110,73,48,27,54,33,66,86,35,59,73,35,59,88,102,142,42,73,86,104,110,94,73,128,192,150,110,102,102,86,81,68,110,119,128,110,110,110,86,157,66,136
94,74,128,66,111,128,60,94,94,103,111,186,86,128,128,137,137,74,74,179,137,142,41,173,150,94,142,222,74,81,142,81,128,81,119,128,102,165,172,192,142,81,111,158,111,142,119,119,94,102,142,111,102,158,172,102,137,142,94,128,172,119,137,111,81,102,119,111,86,66,74,41,23,35,59,46,59,81,59,59,59,35,27,35,46,59,86,52,102,41,27,59,81,102,94,52,46,94,128,158,94,52,102,102,119,59,41,46,86,59,66,102,52,81,41,41,52,23,81,81,137,142,119,128,42,137,94,137,128,74,94,46,32,46,94,74,46,74,94,35,74,86,32,32,32,52,119,32,74,74,35,27,86,142,128,59,46,86,52,94,111,35,74,152,46,59,94,102,119,86,86,66,62,52,59,27,19,81,122,81,81,94,86,102,46,86,111,160,66,111,105,46,35,102,119,102,81,119,73,42,111,119,40,73,86,128,59,48,150,119,105,111,96,81,66,142,136,66,150,192,128,136,150,165,86,66,94,102,102,150,73,73,150,81,66,81,81,122,102,52,66,94,86,66,81,52,128,88,40,46,73,86,23,35,94,59,40,52,96,110,102,94,110,119,110,81,136,165,128,136,172,150,73,40,40,61,66,52,46,59,81,94,105,136,119,68,40,75,150,102,81,86,157,165,94,52,75,102,150,172,110,61,73,52,31,40,73,66,37,86,37,66,59,66,31,31,59,31,42,110,68,73,119,96,81,52,46,110,94,157,73,119,86,142,206,142,130,206,179,81,102,128,122,122,128,119,110,104,157,59,119
81,111,142,111,111,103,103,120,128,111,103,142,150,137,103,66,74,103,86,94,128,74,66,94,192,103,128,215,158,119,94,137,137,74,119,111,86,172,158,142,119,94,142,165,142,111,111,81,119,119,119,94,111,137,111,102,111,53,86,111,158,142,128,94,111,128,119,128,74,35,74,52,23,27,59,81,52,16,35,74,32,35,59,66,27,52,102,59,35,52,119,46,32,86,74,23,74,128,128,137,81,86,102,41,119,41,46,81,76,66,66,74,66,74,59,27,37,52,86,119,142,111,165,137,66,94,35,119,94,40,52,86,74,52,52,66,46,81,94,32,52,66,94,59,35,46,81,52,74,40,27,52,74,59,86,102,66,86,46,59,94,111,66,158,66,74,97,27,128,158,86,40,35,59,66,74,35,52,81,86,102,186,128,102,119,102,94,94,136,136,94,42,40,66,88,111,94,59,81,81,76,86,83,52,73,81,59,32,94,128,136,128,119,94,111,81,136,119,119,142,81,86,81,172,128,61,111,86,192,152,73,119,111,165,111,196,122,40,102,119,86,40,102,172,88,94,52,40,75,31,66,81,59,31,110,102,94,102,73,142,172,110,119,192,201,131,136,187,150,172,157,152,73,86,73,73,52,33,46,52,46,46,94,66,110,128,86,94,110,59,81,102,165,157,102,86,86,128,172,139,66,46,40,31,31,35,59,73,42,52,66,66,86,52,27,15,46,52,46,94,102,40,81,73,46,46,52,122,86,102,86,102,139,136,179,142,102,208,201,81,110,139,119,172,157,102,136,119,128,157,142
74,128,158,137,137,81,100,66,81,158,103,111,128,119,119,94,94,137,119,111,158,142,128,81,158,137,158,186,94,103,165,119,111,128,81,94,128,102,86,86,94,128,137,117,192,94,74,158,128,102,128,128,81,69,74,94,81,59,111,102,94,119,128,59,128,102,94,86,102,23,32,52,41,41,52,46,74,81,23,46,41,35,35,102,94,83,46,97,81,41,76,94,52,94,111,35,41,119,66,86,94,46,74,66,27,46,81,32,66,86,81,66,27,35,81,41,27,66,111,142,86,119,81,66,94,52,66,59,94,46,52,86,94,66,46,128,66,23,66,81,81,119,150,59,35,68,27,66,52,27,40,86,74,66,86,119,105,52,59,27,66,128,35,122,136,59,68,111,111,172,66,74,66,86,105,96,86,46,102,119,66,128,119,111,86,88,136,142,102,73,73,66,96,52,52,86,86,73,102,142,76,59,59,81,68,59,81,35,94,122,111,86,94,94,59,86,111,73,86,94,136,142,111,186,179,128,73,131,61,54,165,196,168,172,165,111,119,128,128,102,86,59,172,136,128,66,119,73,128,119,158,66,119,150,59,102,122,128,86,86,182,150,128,192,192,110,113,152,86,94,110,81,94,81,46,73,81,27,35,73,42,46,102,54,102,102,119,59,94,61,113,110,102,128,113,102,102,119,102,73,46,46,46,35,35,66,54,52,86,73,40,59,94,40,24,23,59,86,94,102,110,46,46,86,59,54,66,68,86,52,68,102,172,172,113,130,94,142,172,119,66,102,110,150,102,61,66,81,157,142,165
142,150,137,137,111,111,111,81,94,179,150,94,128,150,119,111,111,119,128,137,158,165,158,86,111,158,119,119,60,179,150,86,81,102,81,66,86,81,102,137,94,74,137,81,165,86,53,172,111,119,186,111,59,66,102,86,94,102,119,86,86,94,59,81,74,52,41,81,94,27,27,35,59,66,46,74,94,41,35,66,35,41,41,142,102,46,81,102,66,86,81,119,128,102,128,111,52,27,41,41,41,41,94,86,86,66,35,41,86,128,81,32,35,35,41,46,81,122,102,81,81,83,52,62,81,81,86,81,111,66,52,46,81,94,81,102,86,24,74,102,119,94,59,52,59,40,32,32,59,35,74,86,142,158,131,94,102,81,52,94,40,114,46,136,136,150,81,142,111,136,94,119,128,111,94,52,102,150,150,196,119,86,119,119,81,160,196,142,119,86,119,102,94,111,66,46,59,94,81,102,111,94,54,111,94,73,32,46,128,165,136,52,40,73,111,96,96,66,52,81,86,94,136,128,119,128,59,59,52,172,142,152,128,102,150,75,131,119,102,142,86,94,196,136,46,158,165,136,172,86,102,179,192,165,52,59,172,165,119,105,128,119,110,136,105,150,102,119,66,73,66,110,86,61,66,102,94,46,52,94,73,75,94,128,31,66,128,46,113,54,46,119,86,102,94,96,88,75,46,66,73,66,66,40,54,73,42,54,81,40,52,59,83,66,46,35,73,128,119,94,66,73,81,81,94,59,35,59,52,40,94,110,165,192,157,142,165,128,136,157,73,52,86,46,73,52,23,86,52,172,119
165,155,158,120,103,120,66,128,94,103,158,142,103,137,128,111,137,142,94,94,94,119,172,128,111,150,137,119,150,150,142,137,46,86,102,74,94,142,150,137,94,128,94,86,66,119,46,74,128,128,74,59,81,53,94,94,119,119,74,66,86,59,46,81,27,41,27,52,52,81,52,52,74,66,32,86,119,52,32,81,41,74,35,81,66,81,81,66,102,46,66,86,81,111,119,111,59,86,142,32,74,66,111,119,52,196,66,81,86,74,94,59,32,35,27,52,142,158,111,86,74,81,119,74,86,74,66,94,119,74,52,81,52,94,111,86,81,81,52,86,102,94,59,59,66,46,35,66,111,35,68,102,142,158,150,94,81,111,94,111,74,66,66,131,102,142,186,203,136,150,165,136,68,74,74,40,81,210,172,119,111,86,165,111,165,150,210,175,136,111,111,81,102,102,175,150,59,83,111,102,111,62,35,94,86,94,23,102,73,111,94,52,68,102,94,46,54,102,111,102,150,102,66,94,136,102,35,52,46,73,128,136,111,111,119,111,119,142,122,179,168,158,73,73,142,131,136,158,142,192,182,119,119,139,136,128,165,215,182,119,66,73,110,86,88,150,172,119,142,94,201,236,179,86,145,136,66,81,94,73,81,86,94,128,52,128,46,66,66,66,23,73,86,52,66,94,66,40,46,59,66,59,59,54,59,52,73,59,73,81,94,66,52,81,54,46,102,128,102,86,46,110,119,66,104,66,86,81,40,81,94,66,110,157,150,167,196,150,81,102,110,66,40,37,66,94,46,88,52,66,119
74,210,142,94,128,142,111,86,86,46,137,158,94,137,137,128,179,137,81,103,103,60,165,142,128,103,172,172,103,102,119,142,128,119,119,111,111,128,128,111,94,111,137,53,41,111,59,102,119,94,66,74,53,53,86,111,102,111,111,86,46,41,74,66,16,19,35,41,52,52,102,86,94,86,46,81,86,27,32,46,81,86,94,52,102,94,81,86,41,111,35,32,52,102,81,59,142,59,119,42,94,74,119,66,192,81,41,111,102,81,74,74,41,94,111,102,102,41,119,59,74,150,119,111,83,32,111,94,81,102,81,66,66,114,111,94,94,102,111,128,102,94,102,59,52,81,74,111,119,74,52,81,94,111,187,152,94,94,142,179,128,59,142,128,81,119,210,196,150,122,172,119,66,119,111,74,102,119,59,27,35,81,150,119,158,111,225,187,102,59,73,86,145,111,122,192,102,66,136,59,52,113,52,32,73,86,73,111,119,102,165,150,81,59,52,96,66,81,119,94,66,113,73,86,86,52,66,81,94,59,128,94,105,111,150,172,172,168,158,158,186,179,86,102,86,139,165,102,119,119,142,165,128,119,66,96,196,201,165,142,119,136,165,119,142,179,192,142,150,203,255,254,240,165,157,157,119,110,94,75,66,66,110,94,128,86,46,73,35,110,23,27,59,40,46,86,46,37,37,52,52,59,35,46,66,59,81,86,86,150,73,128,66,66,52,104,110,130,94,54,81,96,81,66,86,102,136,128,86,46,150,119,128,130,102,165,157,104,46,59,110,102,81,102,104,136,136,81,52,110,119
128,192,94,103,120,179,142,111,120,103,103,158,142,111,137,150,142,119,150,94,142,103,81,150,128,128,179,128,103,137,142,150,142,111,128,158,158,119,111,94,128,111,94,94,66,81,158,119,66,111,94,74,46,53,46,74,119,111,102,86,32,35,74,52,9,35,86,46,46,52,150,94,150,119,94,86,66,52,69,52,94,119,81,52,111,94,94,97,74,74,46,41,86,94,86,59,86,137,111,52,94,86,102,35,81,41,66,111,52,41,81,74,119,165,165,86,102,46,102,41,102,158,81,86,94,172,40,102,119,128,119,74,66,74,119,158,128,86,102,150,102,94,102,86,59,94,40,59,119,102,66,81,111,136,172,165,105,119,158,192,145,136,158,136,119,102,119,179,136,86,142,150,158,136,150,119,86,40,19,27,66,94,102,136,179,158,206,179,165,59,59,128,94,128,128,142,131,94,113,94,52,128,66,27,142,66,40,59,119,111,128,172,94,119,86,68,119,128,102,86,119,52,81,86,52,46,73,40,46,192,128,81,81,142,212,201,186,219,197,168,201,206,119,158,119,175,136,81,94,179,128,119,86,73,75,86,150,187,119,110,182,165,150,172,136,175,172,102,128,131,201,244,136,105,145,157,172,165,88,40,66,86,102,102,86,59,81,83,66,73,27,37,52,42,46,102,81,40,59,66,66,59,31,68,73,46,31,136,68,88,128,206,66,73,73,136,119,102,102,46,81,86,73,75,66,128,136,136,130,40,192,192,182,110,66,119,130,59,66,81,81,94,136,186,150,152,139,130,172,160,179
74,111,111,165,111,150,111,173,66,201,120,165,158,119,137,137,119,119,150,103,165,142,128,142,142,142,102,111,94,179,192,102,150,119,137,150,128,94,66,81,94,158,111,137,142,158,201,111,59,158,102,53,74,53,81,81,86,102,74,86,94,46,23,74,46,27,86,74,102,81,119,158,102,137,137,94,86,111,94,86,66,52,94,66,66,52,74,66,52,52,46,74,86,74,74,81,59,74,66,81,86,59,27,102,46,41,102,59,52,23,32,41,94,81,86,86,46,81,94,137,119,94,32,81,97,74,111,86,137,97,111,119,142,131,119,165,128,81,46,81,76,94,119,81,86,55,74,86,136,136,128,136,128,94,128,150,119,158,102,102,158,136,136,150,136,46,165,196,128,122,128,150,158,142,158,128,111,94,81,74,142,196,128,150,196,136,158,136,128,59,111,165,150,150,136,111,136,128,102,128,142,142,139,119,94,66,86,119,128,165,111,128,150,119,102,119,88,66,119,52,46,119,142,66,52,46,35,66,94,119,150,31,88,142,158,139,119,158,222,228,136,172,150,158,110,172,81,122,66,59,68,83,66,110,128,110,110,119,119,94,73,128,192,110,94,206,172,142,94,73,48,27,73,88,86,150,179,136,102,48,40,119,119,102,86,48,66,94,66,40,59,46,59,35,40,94,150,96,59,81,75,73,48,52,35,46,66,119,86,81,206,210,102,86,81,86,102,75,66,52,86,128,102,73,94,150,165,66,128,73,157,179,160,113,86,86,136,102,81,110,119,119,142,206,234,150,142,203,179,172,210
53,142,158,186,179,142,81,158,137,186,165,201,137,150,119,137,137,81,119,150,119,137,192,66,128,102,142,94,150,128,172,128,137,128,111,102,102,59,32,137,137,165,142,111,192,186,128,142,81,81,119,81,119,119,66,41,53,119,94,59,41,66,94,86,94,35,52,186,128,172,179,187,119,94,142,158,119,52,89,128,52,46,102,74,35,32,41,46,41,46,59,94,86,52,52,59,83,102,94,81,52,66,81,52,86,46,111,46,46,35,66,119,102,46,41,94,86,111,111,158,74,59,59,74,94,74,66,119,94,119,74,74,86,136,119,102,119,111,46,52,136,128,46,46,94,94,52,102,142,150,142,131,128,136,142,186,172,128,119,136,102,136,142,150,158,102,172,179,119,158,186,111,111,142,145,152,150,150,136,86,119,179,165,172,158,66,111,142,83,86,119,165,158,128,128,86,81,94,102,142,142,142,158,136,111,172,152,136,102,86,81,119,128,73,52,52,59,73,102,66,94,119,94,94,31,42,59,86,83,142,119,31,59,59,52,73,150,165,142,215,158,111,94,197,81,110,150,150,122,142,59,46,136,206,172,157,136,52,46,86,136,150,228,223,157,81,210,152,119,182,142,73,96,145,119,150,194,206,157,68,66,136,128,66,52,94,61,86,68,46,81,81,73,73,52,66,172,157,73,88,94,59,52,42,46,113,128,128,104,94,110,94,119,110,73,81,66,40,46,102,94,110,136,102,119,102,128,73,128,110,110,150,165,157,104,102,110,136,110,136,182,142,157,223,249,104,192,142,142,157,136
60,120,150,186,158,128,86,128,150,196,173,186,111,137,158,142,128,128,137,94,119,103,103,86,86,81,111,86,150,128,142,142,102,81,119,128,86,60,74,128,137,192,119,94,137,142,142,137,53,86,86,192,137,111,66,35,41,81,94,86,86,94,128,119,52,150,81,158,210,86,142,150,111,59,52,59,86,102,119,111,81,94,102,74,94,66,62,94,74,66,74,111,94,59,74,86,59,86,94,66,52,74,86,48,59,59,83,86,41,41,52,97,102,59,66,102,74,66,119,137,81,52,111,35,86,158,74,119,94,142,137,142,142,137,128,94,137,137,139,158,150,94,74,94,81,52,186,145,102,179,142,136,128,175,192,165,150,150,196,158,74,94,142,136,197,158,94,165,142,201,186,172,119,128,136,128,119,111,73,94,73,128,102,102,73,55,102,142,86,119,102,152,158,94,102,81,66,59,94,119,150,128,111,145,172,158,179,119,119,136,119,111,81,73,86,73,31,31,81,86,52,102,66,66,37,73,111,66,48,119,111,46,20,94,52,66,105,142,172,160,150,94,136,231,94,210,165,131,102,157,168,119,192,225,145,157,136,75,113,102,172,150,182,224,206,142,113,186,165,232,81,119,142,179,157,139,160,119,172,172,73,110,119,110,54,66,96,128,46,105,131,86,66,59,46,40,119,196,128,68,40,86,86,73,73,119,167,128,40,59,46,96,128,102,110,128,94,73,59,81,94,94,142,150,119,59,110,128,88,119,142,201,206,179,136,130,94,119,157,179,175,136,165,206,206,128,186,142,157,119,110
103,111,158,186,94,120,94,60,103,165,150,142,196,183,111,128,173,150,103,74,111,111,119,137,103,53,74,119,128,179,86,102,94,66,119,94,94,142,128,111,119,137,119,94,94,142,142,111,86,86,102,228,179,86,35,53,41,46,105,128,94,119,158,137,111,137,83,94,158,59,35,102,86,86,27,23,111,142,119,66,86,119,81,119,35,111,86,102,137,137,94,66,74,81,94,94,62,74,74,66,46,81,66,52,97,59,86,86,46,102,94,52,81,81,59,86,102,81,102,140,81,52,111,94,150,66,74,94,111,128,172,46,52,136,128,128,150,150,105,201,179,128,192,172,158,192,186,206,158,94,136,136,158,165,215,201,150,201,206,186,150,102,94,165,172,172,74,94,142,179,102,158,111,86,119,119,102,102,88,136,150,102,46,66,73,142,86,128,119,119,111,192,182,136,119,142,131,158,152,111,122,179,111,102,136,119,210,179,165,119,136,86,66,86,73,52,31,31,52,111,102,66,86,73,40,59,46,40,66,86,128,59,66,158,158,128,119,128,158,94,110,150,73,119,196,215,128,222,194,81,142,179,197,196,136,96,165,142,136,142,110,186,210,81,73,128,128,179,142,234,102,157,136,94,110,94,172,157,136,110,73,105,136,110,46,145,196,96,66,110,73,59,52,102,59,59,81,142,142,59,46,128,128,73,31,88,110,86,59,81,128,157,122,110,145,142,86,52,46,66,102,102,119,165,128,66,81,119,102,119,150,245,250,206,145,102,81,122,192,196,172,122,136,165,136,128,119,102,110,165,157
66,92,142,150,128,60,120,94,142,128,137,158,142,137,137,111,94,137,137,128,94,111,128,186,150,119,142,128,128,94,102,111,111,94,81,128,192,172,86,94,81,102,102,94,128,172,150,165,86,119,150,201,150,86,41,41,32,35,158,172,165,102,179,165,111,46,94,41,41,46,81,81,46,35,46,74,111,165,119,102,86,27,81,74,52,81,66,86,158,111,86,59,81,81,74,74,81,74,74,94,59,94,46,86,111,94,52,97,59,66,102,62,59,83,52,81,81,114,128,111,102,66,111,111,94,74,81,74,119,137,94,172,136,86,150,172,142,165,228,152,119,158,179,222,186,207,186,150,136,59,102,111,111,172,192,186,158,179,192,201,215,111,102,179,142,186,114,128,128,142,128,81,160,192,215,201,165,142,150,201,179,158,94,128,150,206,128,179,187,81,119,225,225,244,236,236,245,219,175,111,111,192,66,66,86,142,179,179,172,102,111,66,73,128,86,27,31,52,35,105,150,111,128,73,31,42,105,139,128,111,119,128,165,186,158,128,86,59,86,122,86,94,172,210,179,186,196,150,102,172,139,110,157,172,86,150,206,220,142,165,197,215,86,119,150,75,165,102,192,179,203,66,172,75,94,96,165,192,186,157,73,150,157,192,142,196,172,142,73,52,128,52,81,102,86,73,54,128,150,66,75,94,145,52,31,52,119,206,86,165,94,66,102,81,61,81,86,122,119,94,59,73,94,142,119,94,81,102,175,66,102,250,255,210,119,104,119,172,223,206,150,86,94,136,94,73,52,68,86,179,196
32,111,137,128,192,35,111,158,111,150,103,165,142,111,94,53,74,186,158,158,179,158,142,158,192,137,128,119,94,111,137,119,111,119,142,172,179,142,59,53,111,137,111,102,119,165,142,102,111,137,111,94,66,111,74,32,46,119,194,192,150,81,150,94,102,52,41,52,13,41,102,81,52,59,94,142,111,128,165,86,66,81,41,111,74,102,33,102,86,74,46,119,41,35,46,35,52,119,119,74,66,94,94,94,52,81,150,66,86,59,122,86,74,46,74,119,94,62,94,119,119,66,74,128,94,81,102,94,137,150,102,158,179,111,158,192,219,150,102,111,119,119,102,158,186,210,210,158,150,111,102,86,94,102,172,187,168,165,192,215,210,128,74,128,158,142,150,206,158,179,142,74,179,234,206,215,186,119,111,136,160,228,150,172,186,210,150,225,128,102,119,201,253,255,253,250,249,197,128,136,142,102,73,35,142,136,179,150,172,119,52,102,94,105,111,59,61,52,54,136,94,111,111,81,81,119,186,219,192,158,119,119,128,139,150,111,59,102,111,128,119,102,142,128,119,139,179,165,94,136,81,119,128,35,59,179,232,206,165,165,206,179,150,86,105,94,102,157,225,102,201,194,145,102,119,168,179,157,128,206,220,215,186,206,196,172,210,136,35,102,73,142,23,105,119,86,73,102,119,128,128,27,94,68,110,104,139,102,113,142,59,81,73,66,86,83,122,182,172,119,86,52,73,172,192,150,94,136,128,86,86,212,239,187,119,179,192,201,206,165,86,59,83,86,83,81,33,139,142,186,194
120,35,192,128,158,41,186,186,173,86,53,119,158,142,128,186,242,228,243,219,172,128,196,206,128,192,142,150,206,201,111,102,86,111,128,128,128,102,53,35,59,150,142,46,59,128,41,27,86,102,111,66,32,66,86,52,137,172,128,137,137,128,111,59,94,41,35,27,52,52,94,111,86,74,81,66,66,74,128,111,74,81,102,46,41,102,35,94,52,66,59,165,119,74,111,119,81,74,102,59,94,111,165,66,59,81,150,81,119,48,81,179,81,48,81,86,74,27,86,128,81,119,74,94,150,119,165,137,142,128,150,186,192,158,158,186,142,102,172,150,102,128,74,111,158,136,172,201,150,128,150,52,83,136,142,201,219,158,94,102,119,128,52,94,139,179,179,136,194,215,142,136,142,172,186,192,186,111,66,102,215,186,142,152,160,179,228,219,179,158,81,136,242,234,206,206,201,158,102,136,94,119,73,73,142,111,206,81,111,142,150,136,102,46,119,122,73,102,102,119,68,52,150,66,94,165,142,222,150,150,59,81,165,136,128,119,110,81,73,150,192,165,73,128,142,46,139,186,196,102,23,27,31,10,86,210,186,234,210,179,175,194,119,81,105,94,131,165,172,165,186,186,131,128,179,196,172,119,128,145,232,242,215,197,215,186,128,160,94,59,83,165,152,102,113,110,110,139,167,105,73,35,29,128,102,139,73,52,110,81,73,46,113,110,142,113,122,152,165,157,102,142,110,165,228,66,157,201,136,128,86,59,139,128,110,136,157,136,128,81,46,42,59,46,128,172,119,226,201,102,128
74,150,173,60,103,165,53,173,179,60,53,137,242,245,215,242,253,234,242,186,150,244,219,192,231,249,137,210,142,142,102,128,94,74,102,66,59,46,32,23,55,119,59,35,32,35,41,13,137,165,128,74,66,81,150,158,119,128,94,102,142,102,142,94,74,59,41,35,102,86,86,102,66,86,86,52,46,59,111,128,41,46,86,52,35,81,81,81,52,74,119,179,172,179,165,119,66,94,119,81,119,102,59,74,81,27,86,86,62,27,86,102,59,111,74,27,74,102,81,111,74,128,105,74,215,128,210,66,165,128,111,158,172,136,119,136,111,81,158,150,150,128,136,119,165,165,150,142,165,119,136,111,66,86,192,234,225,142,102,136,105,27,74,119,165,142,142,74,119,179,142,102,86,128,150,119,150,128,66,81,210,179,136,172,179,225,249,228,192,210,128,94,119,111,158,201,168,142,111,73,66,94,73,142,88,150,172,73,83,234,201,66,35,73,111,111,111,142,94,73,81,31,111,35,52,142,52,158,73,165,73,73,150,128,66,66,119,142,111,172,158,172,59,110,59,168,136,158,234,59,35,31,42,73,94,150,206,232,210,219,157,196,192,150,128,119,186,142,145,150,105,157,172,110,102,122,160,119,73,110,192,234,206,196,206,215,196,172,94,94,59,73,86,94,52,96,136,128,52,73,110,73,42,81,119,66,136,119,73,94,94,59,73,128,136,122,142,136,86,142,142,142,102,165,130,136,160,179,192,94,75,19,119,94,110,66,122,94,75,66,75,81,136,94,179,201,192,179,142,61,52
173,81,111,94,196,86,173,165,66,60,66,150,210,222,201,192,186,128,53,142,165,128,210,128,253,196,206,128,137,81,111,74,53,32,74,150,102,32,46,81,150,119,137,23,23,23,94,119,192,119,137,102,119,165,192,137,46,128,142,94,150,137,179,111,94,119,69,59,86,81,59,59,52,94,128,59,46,74,86,66,66,41,94,102,81,111,94,74,46,142,179,150,165,192,158,128,142,102,46,74,102,52,35,46,102,32,66,66,86,94,46,52,111,86,74,66,52,81,86,66,142,74,165,137,201,111,81,83,119,111,59,137,128,102,86,128,119,66,136,150,142,66,165,172,111,111,186,152,142,142,165,122,158,150,172,231,201,111,102,105,37,16,102,192,139,59,46,27,128,128,86,119,94,74,119,136,128,128,119,160,219,238,206,192,215,215,182,222,222,179,142,136,172,196,219,215,142,88,111,111,111,111,94,81,119,142,145,111,142,210,102,27,66,119,111,128,136,119,86,46,86,76,96,68,81,158,54,40,150,219,136,119,128,81,66,111,158,225,196,136,206,105,179,40,66,165,88,128,66,128,94,102,172,157,142,192,210,186,186,206,150,172,186,172,152,136,179,206,136,119,42,86,119,81,73,102,73,86,119,136,186,201,215,197,165,152,215,136,94,165,73,27,35,73,73,94,128,110,119,110,73,52,35,17,96,225,66,94,94,68,119,46,35,119,142,110,136,142,81,104,142,75,73,150,86,61,113,172,150,35,75,94,86,186,157,110,157,128,102,179,201,225,206,150,196,136,215,110,73,96,122
94,196,165,192,142,128,103,103,179,74,35,103,81,74,60,46,86,86,74,150,81,137,165,142,128,206,142,94,172,46,86,53,41,111,192,172,158,111,119,128,172,228,142,32,102,111,150,158,192,172,150,165,128,165,66,32,74,81,137,150,137,192,86,137,111,158,74,52,41,102,59,46,59,94,137,102,48,74,94,66,62,69,102,137,172,137,102,94,119,142,142,137,142,119,111,150,137,111,41,35,94,74,69,41,46,46,66,74,52,76,119,74,52,102,102,119,52,32,94,128,158,74,119,142,119,74,59,142,111,119,74,119,128,179,158,128,128,74,111,150,111,119,186,86,119,179,196,136,111,102,152,136,160,165,142,215,225,158,59,59,40,46,81,158,136,165,35,52,119,102,111,102,136,119,86,142,158,186,119,94,228,197,136,158,128,102,136,179,196,150,172,210,234,219,196,186,142,128,119,81,94,111,59,81,142,150,111,94,122,128,94,68,111,136,119,102,136,111,66,59,136,225,215,186,215,172,83,111,215,196,196,150,136,128,128,152,158,186,215,203,196,131,152,40,122,59,128,136,179,158,150,206,196,172,216,215,196,172,128,128,102,225,142,186,157,232,179,223,110,102,46,110,119,110,66,94,179,168,186,165,197,186,197,215,197,215,142,128,150,122,23,73,73,35,40,59,142,157,81,119,136,59,35,94,66,119,110,102,128,122,179,61,27,122,179,122,128,196,172,86,113,167,61,27,23,59,94,86,136,128,165,122,110,197,160,139,179,201,206,223,220,172,194,196,167,128,192,157,73,102,206
66,142,196,238,234,128,111,150,172,94,60,46,53,13,60,128,172,186,201,201,234,192,94,103,150,165,102,111,60,111,53,27,46,192,225,165,142,186,137,192,240,215,158,94,158,119,158,74,192,59,111,119,94,46,94,83,32,74,158,172,74,119,94,137,111,74,102,74,128,137,111,69,111,137,158,128,52,74,137,52,59,111,153,137,142,111,74,102,128,97,179,158,137,137,137,186,150,74,59,59,66,81,114,32,86,74,35,74,86,83,102,86,46,66,74,94,86,74,76,81,86,119,137,128,119,59,46,158,186,119,86,81,119,128,119,111,142,111,81,150,119,186,150,119,196,201,142,86,192,94,158,172,172,186,172,186,222,172,40,46,40,97,81,179,128,119,66,46,74,74,136,128,86,86,86,119,142,179,142,102,136,52,62,19,74,66,172,94,142,83,128,150,186,150,150,201,122,172,142,111,165,46,59,119,150,152,150,73,142,111,94,76,76,136,158,142,94,81,81,81,196,240,225,228,219,136,142,196,179,172,179,136,175,165,113,128,128,110,186,196,182,150,158,81,86,110,186,196,172,186,203,196,192,168,210,215,160,136,73,81,86,136,187,142,206,238,157,142,88,157,110,96,145,172,186,187,152,172,219,186,150,179,210,179,196,172,150,136,110,110,59,94,73,102,52,52,105,110,86,139,150,102,110,42,110,46,119,94,203,210,187,136,52,81,128,128,110,130,130,167,150,150,73,46,46,31,88,157,128,172,179,192,130,113,175,172,194,219,229,192,144,122,110,150,110,73,75,150,144,113,206
111,150,222,234,215,201,186,142,103,119,94,66,119,179,201,252,255,255,248,179,165,119,66,150,128,86,165,142,111,102,81,94,150,196,186,94,66,59,46,81,128,94,66,102,150,192,158,53,32,81,46,59,59,102,81,27,32,128,142,128,128,74,66,102,52,94,137,142,142,158,158,81,137,165,128,111,102,128,111,41,102,150,165,66,119,86,41,102,119,119,150,158,196,206,158,158,165,81,102,86,27,111,55,102,35,74,27,35,86,76,52,46,46,52,52,74,86,59,32,74,74,111,192,142,142,86,32,119,111,86,97,81,94,94,97,150,179,186,226,206,158,165,136,234,219,114,111,111,186,128,179,179,179,201,179,136,179,128,27,74,52,74,111,192,150,142,86,81,94,86,102,128,94,94,136,142,142,136,136,86,66,27,37,23,52,59,175,94,32,52,35,46,32,66,59,66,35,62,158,94,27,86,136,66,165,207,158,81,131,113,94,59,119,165,66,94,172,128,102,81,187,210,179,94,81,81,102,136,179,158,142,150,152,119,119,150,128,94,158,179,150,160,192,102,119,196,182,186,219,157,179,206,225,165,88,119,136,81,73,102,119,142,131,223,232,220,110,150,131,150,150,157,150,223,215,182,150,94,86,142,86,119,220,172,215,94,196,128,110,59,102,81,94,142,86,27,88,157,102,94,152,102,59,150,19,27,52,157,179,150,215,157,104,86,73,102,122,110,201,150,102,94,157,172,145,66,59,81,94,94,152,206,225,157,150,165,194,210,192,194,157,172,104,73,75,46,136,157,119,110,157
86,165,173,120,165,206,142,111,60,94,94,165,243,253,254,254,254,254,210,86,119,94,128,111,119,128,137,119,74,111,186,186,128,111,128,111,32,23,27,41,23,23,23,86,210,196,74,53,53,33,32,111,102,66,59,53,59,66,114,142,81,66,175,94,66,66,86,137,81,119,119,81,66,142,128,119,94,81,102,66,94,119,81,81,86,81,35,128,94,150,111,111,172,196,137,94,137,74,66,97,94,165,81,150,13,81,27,102,74,41,32,66,69,66,41,35,55,66,81,66,74,111,196,197,215,74,32,66,119,81,81,142,136,119,165,158,186,201,196,210,158,136,136,165,172,94,172,136,168,158,128,136,119,142,219,197,119,66,62,111,40,40,94,111,225,186,119,136,197,196,186,192,179,165,142,136,160,158,128,102,66,55,32,111,32,81,35,37,73,23,27,46,35,46,59,32,73,52,119,40,128,119,158,105,179,196,136,73,102,165,86,66,128,136,94,186,179,73,128,136,128,179,136,86,16,9,96,172,186,212,172,192,158,136,179,172,128,111,142,172,150,142,182,139,172,160,158,186,158,110,172,232,187,81,59,66,86,86,142,186,179,219,201,179,186,226,157,172,142,102,52,142,206,210,186,73,46,75,81,81,86,157,142,131,186,128,142,81,142,66,94,48,81,119,96,35,40,81,179,197,136,46,94,94,102,94,46,102,52,113,81,81,113,119,68,94,136,150,142,179,150,136,215,59,59,81,128,86,196,73,102,136,175,150,102,142,225,243,157,157,223,179,179,122,40,102,75,136,119,68,142
103,94,119,119,179,60,192,60,74,81,172,248,255,255,255,251,255,251,219,94,102,66,94,35,165,165,158,102,165,86,102,119,41,59,119,86,23,27,32,41,81,23,13,59,119,86,74,137,137,74,111,158,150,158,128,46,59,81,94,150,165,86,86,142,74,128,128,119,137,119,81,111,111,145,142,105,86,97,111,102,59,81,86,46,94,111,55,114,119,172,102,52,94,111,128,81,94,59,69,142,158,192,119,59,94,32,46,81,32,59,35,66,66,81,59,37,66,59,41,41,59,66,172,172,196,86,74,102,150,137,128,111,102,102,128,111,81,201,206,192,142,128,150,94,172,219,142,94,150,150,81,83,128,165,179,206,136,102,94,52,32,13,52,165,238,165,111,194,249,243,206,150,111,136,150,111,122,158,158,86,46,88,81,86,86,73,81,81,94,83,111,111,76,111,119,73,73,111,73,81,46,86,94,172,158,165,150,102,105,111,94,86,81,142,186,111,165,111,136,150,179,192,201,40,3,11,131,219,179,192,139,158,201,172,172,150,94,94,119,206,150,142,182,96,94,150,179,110,94,158,196,219,168,119,128,119,128,119,196,223,239,219,175,128,157,225,206,206,186,110,86,119,150,131,110,96,73,86,102,110,105,110,102,94,110,128,102,75,142,102,73,83,83,46,59,66,73,130,157,172,119,81,150,46,94,150,27,102,40,88,40,128,110,102,52,66,96,86,179,206,196,119,152,81,12,66,35,128,208,102,186,167,192,96,210,179,210,236,208,172,234,210,179,142,110,102,119,128,139,46,136
103,94,137,111,128,165,81,86,74,192,234,255,255,254,243,222,252,247,103,74,60,46,165,41,94,35,142,86,102,111,32,81,66,46,46,32,27,32,74,86,74,46,41,27,94,128,81,81,128,137,119,142,158,165,215,165,66,111,128,137,186,219,86,81,158,172,137,119,74,128,119,86,137,111,142,179,179,150,102,74,86,119,94,81,128,111,74,81,137,74,94,66,74,86,128,94,52,66,94,150,119,175,74,119,74,46,86,81,46,74,66,66,81,66,46,69,66,37,32,40,94,52,119,81,228,94,119,137,150,86,94,86,86,88,94,136,119,128,219,172,111,86,111,136,192,219,136,66,111,150,86,102,94,150,186,206,219,150,128,59,13,23,94,172,231,86,119,206,179,128,119,83,46,111,179,94,81,86,111,142,111,119,139,128,136,128,122,119,150,119,94,81,86,86,102,102,66,94,136,119,215,96,128,179,136,165,142,86,46,94,111,94,128,88,122,192,186,192,179,192,172,222,46,27,13,19,73,219,222,111,119,172,201,172,139,94,66,86,142,192,172,119,86,94,139,136,152,128,150,179,225,210,222,215,210,225,219,192,225,238,240,157,165,142,157,150,201,165,206,210,110,81,119,136,142,139,94,105,136,136,102,86,86,59,86,165,150,172,179,142,102,86,52,46,66,119,94,66,119,145,150,145,110,96,110,150,119,59,81,66,42,68,119,73,102,73,102,175,179,157,165,136,102,61,104,12,110,96,225,225,194,201,128,165,196,196,206,226,223,236,186,196,142,157,179,136,136,119,157,88,46
103,128,142,94,119,158,137,81,94,228,252,251,251,238,196,186,231,206,103,86,137,128,81,74,41,32,35,60,86,53,23,32,111,46,59,119,53,32,179,66,59,53,41,46,137,172,59,102,186,128,94,111,158,186,179,81,86,114,128,165,192,140,186,76,128,142,165,128,66,74,66,86,158,158,142,128,142,201,150,94,102,179,192,186,111,140,128,81,86,128,102,81,86,86,86,119,27,32,119,128,142,111,102,111,102,158,52,111,46,94,74,74,81,27,32,66,35,27,40,52,94,40,137,86,150,119,128,94,152,35,97,52,102,119,128,136,111,136,222,215,119,128,81,142,150,150,201,66,128,102,142,94,136,186,192,158,206,192,35,40,59,23,81,150,206,215,119,158,59,32,27,66,150,94,119,172,94,40,66,201,165,94,165,165,142,119,94,165,150,32,52,94,102,73,73,81,81,96,119,158,172,86,179,165,165,150,94,111,59,73,128,150,145,165,150,111,201,225,172,158,86,66,13,24,10,4,48,196,179,86,194,229,219,219,172,110,81,88,160,192,192,122,102,206,196,187,150,52,119,136,194,210,242,245,236,242,240,240,240,206,192,219,172,110,157,136,94,81,210,210,86,119,175,172,128,68,66,119,73,94,81,110,75,105,136,165,192,201,150,142,157,94,54,68,94,61,42,61,136,192,179,96,73,73,94,128,66,33,102,142,102,46,102,86,102,157,128,102,150,179,160,179,165,110,73,73,81,157,220,196,119,59,157,136,160,215,232,197,128,110,179,220,181,128,152,119,215,187,110,150,160
81,137,150,119,142,201,179,94,119,240,253,236,186,81,60,103,128,142,128,137,150,94,94,53,66,16,27,60,60,23,66,59,41,53,86,111,81,94,86,150,150,59,81,137,142,66,94,158,172,179,81,119,206,186,137,179,142,150,165,119,140,111,119,137,128,102,111,81,119,74,94,111,142,86,74,165,137,222,186,179,142,196,201,192,150,142,119,165,150,137,145,102,111,128,128,86,66,52,102,131,128,94,94,86,150,119,41,41,41,86,59,35,55,35,55,74,46,35,46,74,86,46,94,142,137,137,165,81,94,23,102,94,128,119,128,186,150,114,186,219,172,145,74,150,66,158,212,86,119,128,219,175,192,172,111,136,136,165,158,32,46,66,196,150,196,206,86,150,228,128,102,179,150,219,196,145,119,59,40,81,136,81,111,111,128,86,86,52,81,35,40,86,102,94,52,40,81,165,150,119,131,94,102,142,206,150,86,94,66,66,152,179,186,225,220,168,158,192,150,111,31,5,9,19,19,73,46,158,215,206,203,238,222,201,192,150,136,111,210,236,206,186,196,225,206,238,186,94,81,52,94,206,225,225,226,238,243,215,222,157,186,219,203,206,186,102,27,81,160,142,142,172,150,110,59,40,73,59,73,73,75,145,86,165,128,142,179,136,128,172,142,102,96,86,86,68,94,110,142,167,165,102,128,66,172,59,52,52,73,94,119,96,46,68,86,119,110,94,139,150,179,201,172,96,142,130,73,102,157,157,160,102,102,165,157,142,144,86,110,175,157,201,175,110,122,172,104,179,128,192,113
60,128,165,158,179,201,172,103,137,244,244,128,94,66,35,66,111,137,142,103,158,94,102,27,66,46,16,60,53,41,74,74,35,53,74,86,111,86,59,119,165,150,102,192,119,94,158,111,186,165,128,142,165,172,179,150,128,201,158,111,179,234,186,137,158,111,206,66,111,81,86,137,142,179,128,81,206,206,201,102,94,242,215,142,186,150,119,206,201,137,142,111,158,206,172,137,74,66,137,179,128,74,81,153,102,59,66,32,23,69,66,32,59,59,66,94,102,76,52,81,59,40,81,192,128,94,165,66,86,74,128,139,136,119,165,196,165,81,136,225,225,150,119,172,158,136,119,128,128,175,186,172,128,102,94,122,128,186,194,74,128,196,215,219,142,222,128,111,251,160,186,196,111,111,165,111,102,86,59,111,158,66,81,59,94,111,59,73,48,40,35,96,150,119,102,86,119,158,86,73,128,52,35,142,186,111,111,59,52,88,158,219,231,215,186,131,102,128,150,86,23,27,35,94,158,196,136,102,128,192,196,196,150,119,225,222,150,165,228,245,228,225,242,232,228,238,215,66,59,119,119,179,215,225,241,228,201,207,215,206,186,219,237,247,186,142,119,96,119,86,172,142,110,81,73,102,73,46,119,81,142,142,102,110,88,131,119,157,94,165,119,142,122,68,73,102,96,102,142,150,152,128,128,40,119,66,86,40,59,86,102,96,40,59,73,40,94,110,102,110,150,150,165,86,52,35,52,102,94,192,206,157,113,102,102,73,113,136,73,68,102,136,144,86,142,192,192,165,165,144,94
60,103,158,196,172,179,172,94,165,231,210,111,81,94,94,66,60,66,66,41,119,86,74,46,60,53,35,53,53,53,35,32,81,66,46,86,114,66,81,137,150,102,102,111,137,66,119,119,196,201,165,179,150,165,150,172,186,192,201,215,111,150,179,158,111,175,128,150,102,102,102,179,236,119,86,179,137,111,137,66,128,111,150,201,165,165,158,179,150,179,119,119,196,238,142,119,225,137,179,196,158,37,102,140,111,59,94,13,35,66,46,27,74,81,66,102,102,81,94,81,74,81,81,66,74,102,160,119,128,158,150,119,142,179,172,158,152,94,102,203,234,186,119,158,186,119,128,207,142,165,86,136,128,128,150,111,150,150,142,192,234,225,201,231,119,196,94,172,196,172,186,150,86,81,136,119,66,74,102,136,128,94,33,86,111,73,66,10,35,32,86,168,136,94,81,86,119,111,66,119,119,128,94,160,119,86,142,35,81,111,196,222,216,165,150,122,102,145,94,142,136,111,111,216,201,179,201,128,131,172,187,136,136,179,158,186,172,179,210,238,219,192,215,237,225,142,119,136,110,102,165,187,206,219,201,186,225,238,234,232,201,228,234,223,201,182,165,119,73,94,119,81,94,142,128,105,96,81,102,136,192,110,157,61,96,110,94,160,136,150,145,110,88,73,94,102,66,59,160,196,136,66,86,94,73,128,66,52,73,59,110,66,40,52,66,66,86,86,86,142,136,59,113,94,19,35,81,142,128,186,206,110,142,142,104,94,119,94,68,142,150,102,187,150,119,110,160,157,186,179,157
103,94,142,165,137,158,111,94,137,206,186,94,81,142,142,74,32,32,94,46,60,111,74,53,41,111,119,102,81,74,86,142,94,32,66,94,158,137,53,137,137,102,102,74,128,102,150,179,158,158,137,165,128,111,186,186,158,165,179,94,225,179,137,172,81,142,215,158,192,196,165,206,215,196,142,81,59,119,52,74,35,172,66,111,128,111,142,66,142,186,119,165,165,206,231,210,201,196,111,137,192,52,203,59,142,81,74,27,81,86,41,52,74,94,74,46,55,102,94,102,81,74,19,46,94,128,136,186,152,142,111,119,142,179,158,86,165,119,52,165,215,158,111,142,136,128,186,219,142,94,66,111,152,168,150,111,102,74,66,179,248,242,142,197,206,111,111,111,119,136,128,128,66,66,165,142,73,81,142,165,136,59,40,81,86,152,158,27,35,105,73,122,192,76,81,150,136,145,119,94,165,136,192,142,73,128,94,128,122,165,206,194,210,136,172,66,119,219,122,206,158,201,142,219,192,158,179,172,165,150,206,165,119,196,222,131,142,196,192,192,228,241,242,225,150,119,94,86,128,150,160,215,196,196,201,236,219,223,236,224,206,210,201,102,142,150,136,136,59,66,102,110,119,165,136,73,73,94,94,142,165,128,150,52,96,110,73,105,196,139,150,66,96,73,102,102,59,66,119,165,128,96,142,102,52,88,73,66,94,52,59,86,81,110,73,96,119,75,128,94,52,152,179,165,31,81,128,136,136,160,181,128,119,142,119,88,81,136,157,128,165,110,150,179,150,142,206,201,128,160,157
103,128,128,86,111,172,94,94,111,150,111,86,142,172,142,60,46,111,60,66,94,128,41,94,137,186,165,137,94,94,119,119,81,41,41,59,137,111,102,59,59,94,66,86,94,102,94,86,128,150,150,128,119,94,142,179,150,102,172,150,111,142,94,102,153,128,186,186,158,215,219,215,192,192,150,59,59,142,102,142,179,137,142,158,81,102,119,137,228,165,196,150,119,142,137,128,238,215,186,102,137,142,86,228,74,172,128,86,59,66,23,32,46,94,102,35,66,74,81,165,59,40,42,35,52,119,119,206,206,119,94,150,158,142,150,88,111,136,59,128,172,86,128,182,158,168,158,215,179,111,74,88,142,158,111,52,27,16,27,136,242,231,150,152,219,206,179,111,94,86,66,119,86,105,179,172,94,94,119,114,73,46,81,52,186,128,111,73,96,136,122,128,102,136,128,160,175,136,165,192,119,179,150,136,86,128,54,172,192,244,210,165,219,206,68,142,128,206,210,196,165,234,111,226,175,201,102,158,196,197,201,196,179,207,210,165,150,179,206,192,192,210,150,136,119,110,94,122,142,196,215,206,210,192,206,172,210,215,215,192,139,73,94,142,94,110,119,94,59,40,94,165,128,128,119,73,66,66,110,136,152,142,86,52,86,102,75,119,150,119,110,142,130,86,110,94,46,83,86,66,119,165,206,186,81,86,150,86,75,31,46,52,113,128,104,61,81,42,96,83,52,196,243,225,46,113,81,128,94,179,86,94,102,110,86,102,150,157,150,110,142,150,150,150,210,206,136,102,81,110,110
128,137,128,119,128,165,142,142,119,119,119,158,150,111,119,53,94,158,66,81,119,94,66,119,158,119,192,165,97,74,86,81,66,41,81,27,32,150,59,53,13,53,86,81,74,53,59,94,119,158,172,165,111,119,158,172,192,137,150,179,119,165,142,192,179,150,206,225,192,150,210,231,215,219,215,225,219,219,236,242,247,225,102,94,142,94,137,111,192,225,179,179,119,86,182,243,196,131,119,111,119,69,165,119,137,150,158,105,81,94,81,41,94,86,119,105,52,74,89,137,114,27,52,46,23,158,81,201,158,179,165,165,142,111,150,131,86,142,102,94,131,86,165,158,186,210,179,150,222,158,102,111,139,74,27,19,16,13,19,142,197,179,119,186,182,225,219,142,59,128,150,111,94,119,150,175,102,40,102,165,86,68,86,73,102,88,119,158,192,165,136,46,111,165,196,186,172,192,201,196,86,165,158,102,119,179,119,216,234,231,215,111,136,192,119,73,111,150,219,150,145,192,160,165,196,222,86,192,192,219,158,215,172,136,186,196,165,150,179,179,119,150,94,73,206,110,179,96,165,207,206,179,215,192,81,172,215,186,192,119,110,110,31,66,122,86,102,40,46,35,59,119,119,102,102,52,105,131,75,110,142,94,102,81,119,88,86,150,96,81,113,110,105,113,110,73,46,86,102,40,73,150,219,201,128,157,196,128,52,27,27,40,81,66,88,52,52,59,40,102,128,172,252,244,81,40,66,104,81,167,150,81,128,150,73,150,192,150,142,144,223,150,187,165,210,81,94,142,46,110,165
150,119,128,103,128,142,158,137,111,111,128,94,94,103,94,60,128,111,142,86,81,165,137,86,46,74,150,102,46,41,74,32,27,81,81,35,16,150,66,137,137,81,142,119,119,179,150,150,142,206,201,186,219,228,186,192,210,192,142,158,231,201,228,201,186,215,234,215,222,222,215,234,238,215,234,245,251,243,240,247,243,215,158,137,172,142,119,150,137,210,196,119,119,142,142,215,231,142,94,81,111,186,158,150,172,179,222,186,137,74,111,74,102,81,94,66,42,69,142,196,137,83,23,119,94,68,66,165,111,182,111,142,136,136,150,158,150,158,136,88,142,119,119,74,172,210,186,119,224,136,81,136,145,23,16,32,40,27,32,136,165,128,86,186,150,206,243,172,142,186,201,165,119,102,119,111,94,66,52,136,111,102,81,46,66,66,136,165,158,165,111,102,102,165,172,165,165,165,142,142,142,119,152,113,111,102,192,231,239,220,215,81,66,61,81,111,150,168,192,236,210,228,228,196,212,222,219,194,136,194,201,186,150,110,186,210,179,136,158,136,88,52,110,110,222,150,182,142,119,157,142,172,136,150,157,119,150,179,136,179,219,102,165,37,66,94,110,19,94,40,81,86,81,86,94,102,102,66,81,96,110,94,196,152,102,142,102,142,122,122,150,73,66,73,66,73,94,119,110,66,66,128,150,187,210,215,186,136,94,46,83,75,52,52,52,88,94,75,40,75,94,165,236,201,73,11,102,52,66,110,160,136,150,142,136,136,157,150,172,212,226,136,179,119,52,160,139,136,110,144,150
120,86,128,137,120,94,103,111,94,66,74,86,94,86,81,86,119,103,128,137,142,192,158,119,41,94,53,23,32,23,35,32,53,102,60,86,35,94,215,228,225,201,172,210,210,196,196,228,219,228,206,196,225,234,222,201,201,158,231,196,201,225,238,150,210,206,165,234,206,192,192,186,201,179,172,210,201,219,222,196,158,158,137,94,142,179,128,142,179,142,119,128,150,150,192,192,158,128,81,66,158,219,196,186,210,158,196,158,111,119,172,210,119,128,119,69,74,150,172,165,102,102,76,32,35,81,136,111,83,86,136,128,128,136,160,186,136,66,136,81,145,74,52,102,119,86,172,119,142,52,35,136,111,23,42,59,62,86,102,136,186,196,111,119,210,206,215,187,226,201,210,179,150,158,94,59,102,119,66,119,83,94,94,119,119,150,128,35,73,119,66,122,192,172,136,136,136,119,150,179,150,136,158,186,102,102,210,251,250,206,136,81,86,128,94,73,142,206,201,201,219,179,179,210,210,240,222,122,210,194,186,192,186,179,172,219,219,196,102,105,81,52,165,179,158,192,136,136,102,94,110,150,110,102,142,136,128,160,150,232,192,186,145,73,110,102,73,81,73,110,73,128,73,66,102,94,81,86,66,119,59,196,210,206,201,186,150,152,201,66,81,86,40,54,73,110,192,201,128,54,73,83,150,186,197,196,186,142,119,96,157,142,102,48,73,94,59,66,66,33,46,119,181,136,73,61,102,66,52,81,110,136,142,119,150,136,110,165,181,186,175,110,157,81,81,196,215,136,179,152,157
120,137,120,150,150,86,81,86,111,81,46,66,103,74,60,81,103,137,150,158,179,165,142,137,86,86,59,46,41,35,46,94,94,81,81,59,66,158,238,228,215,243,192,231,215,219,196,210,215,192,210,225,231,215,196,196,172,158,215,201,231,215,179,206,192,186,102,111,66,137,119,94,86,111,128,158,165,142,172,150,137,231,158,165,150,142,137,186,142,114,46,66,158,172,158,158,119,128,86,111,150,192,150,81,119,142,119,128,160,219,196,179,158,128,102,81,81,111,165,142,119,48,46,94,52,119,136,128,142,128,52,66,119,142,142,172,179,165,119,52,86,86,94,66,222,81,94,111,94,66,40,40,52,37,111,136,128,186,186,172,172,219,119,150,201,231,86,225,142,179,66,201,234,172,94,102,150,158,136,111,158,150,150,220,139,136,119,27,46,73,111,150,158,179,172,128,94,119,122,128,119,128,179,215,81,46,225,220,172,102,27,94,119,73,96,96,102,150,150,196,196,158,186,201,192,175,158,158,136,215,237,225,215,231,192,157,157,128,66,102,179,142,96,122,136,150,128,110,94,81,128,165,136,102,157,186,182,157,186,196,172,196,157,186,172,102,201,194,131,142,119,110,81,73,102,102,128,105,73,122,110,225,197,206,225,210,207,145,128,136,40,86,86,66,73,66,210,241,136,66,119,142,186,119,83,136,172,94,186,94,157,172,81,46,86,88,35,86,128,54,15,59,172,136,139,128,119,150,136,102,54,81,102,102,144,172,136,165,192,119,52,75,179,192,179,172,165,122,142,201,172
158,134,111,165,165,86,86,119,142,142,94,119,86,60,60,81,119,128,179,158,150,142,128,137,128,81,60,86,74,59,81,94,94,81,53,53,86,172,210,219,206,179,186,172,196,219,158,137,172,192,236,242,222,225,206,158,128,172,150,210,210,192,119,210,165,158,172,35,86,81,128,119,102,119,142,142,196,165,128,172,222,142,206,142,179,94,137,192,172,66,23,52,128,142,140,165,206,86,128,201,94,86,172,172,165,210,119,150,196,74,74,231,220,86,86,111,102,81,74,137,66,94,150,62,59,62,94,165,128,66,66,119,94,102,119,128,150,74,94,136,119,158,228,228,139,97,102,158,192,160,66,40,52,46,158,231,210,186,172,192,172,196,158,179,142,150,192,142,142,86,35,201,234,186,196,206,158,165,186,165,222,179,165,158,114,102,66,66,46,94,179,158,152,142,150,142,136,136,136,158,158,128,102,160,73,73,73,150,59,19,35,52,59,73,105,73,46,73,150,165,165,179,179,186,122,119,165,196,206,206,194,192,128,52,102,158,111,110,122,150,165,86,119,73,102,172,157,102,81,168,179,157,165,136,196,222,210,157,142,119,94,165,157,157,172,157,210,223,179,196,165,110,86,73,122,136,73,86,73,119,172,196,172,207,236,136,219,157,136,145,94,94,73,68,59,110,225,236,46,110,142,215,150,237,172,113,179,186,142,119,102,128,46,59,86,54,54,128,165,35,23,68,110,192,142,157,102,210,196,110,86,81,104,128,142,157,196,215,179,110,104,110,206,235,196,150,128,142,152,236,247
192,119,128,86,53,74,86,137,192,196,201,179,111,103,60,74,103,94,158,119,94,74,74,46,66,66,74,137,128,66,60,122,150,102,81,111,128,142,186,206,158,102,66,74,150,150,142,172,201,236,251,253,245,252,244,128,94,119,86,111,128,86,150,168,179,119,215,94,150,165,192,192,165,179,186,165,186,206,165,186,179,186,186,150,119,66,158,142,172,179,111,102,111,128,186,165,137,192,194,150,150,145,192,225,165,119,105,137,102,165,128,201,158,81,74,35,59,74,94,66,102,81,136,74,83,52,74,128,119,142,86,86,160,131,145,158,66,59,136,192,136,228,251,196,131,111,142,186,186,119,94,94,142,150,165,201,179,158,165,201,219,172,168,128,111,158,172,165,186,94,142,119,206,222,231,222,158,128,165,136,128,150,136,81,150,66,68,59,102,142,160,150,142,86,94,119,122,119,128,136,102,192,81,94,119,59,59,81,61,61,113,59,40,81,119,111,52,46,73,142,172,111,73,142,86,66,96,81,172,150,119,179,83,52,83,110,150,165,158,110,94,73,40,86,119,150,75,179,234,186,160,165,187,192,215,207,210,179,128,110,94,102,94,83,142,136,175,223,136,119,142,142,73,61,86,94,59,73,86,88,94,215,179,240,186,150,186,145,196,110,105,59,59,59,94,94,139,167,128,128,157,186,207,232,232,192,119,228,128,136,165,119,102,102,46,27,102,102,33,59,59,46,40,142,172,165,81,236,232,122,136,128,136,150,128,142,215,236,201,192,226,136,192,219,144,165,172,212,215,236,235
192,155,111,74,19,158,94,128,201,201,196,219,222,158,74,46,66,86,103,111,86,35,35,32,53,60,102,158,128,111,81,111,137,137,111,128,150,105,94,142,172,86,53,53,128,192,206,219,238,249,253,255,254,251,240,119,76,74,66,102,81,46,111,150,165,142,172,172,192,201,192,201,210,201,172,158,158,168,179,137,172,150,137,172,81,165,94,172,119,179,186,142,111,186,222,186,111,201,186,74,111,165,196,225,111,102,196,137,137,150,206,94,46,66,86,59,128,59,40,66,105,81,142,74,111,40,59,119,150,168,201,150,128,158,102,81,74,105,119,136,86,172,81,86,94,186,128,86,128,119,165,128,136,179,179,186,150,81,128,207,179,119,165,165,172,219,196,179,215,225,186,128,186,172,203,225,186,111,83,83,74,111,150,94,119,94,136,33,119,128,158,119,128,86,86,86,94,111,88,111,119,186,111,94,86,172,66,59,119,158,136,81,136,102,119,128,76,73,113,102,142,46,136,94,102,73,150,142,111,150,165,119,110,81,131,128,119,102,119,160,102,122,59,128,150,40,219,131,128,136,157,179,172,142,175,196,150,157,150,182,128,66,110,102,136,172,136,160,86,46,128,145,59,52,94,94,52,35,52,52,94,142,142,157,150,150,110,165,160,81,66,59,66,81,88,110,81,86,52,102,186,145,206,206,142,165,172,201,220,196,157,128,110,81,52,66,46,15,52,46,110,27,102,52,219,46,197,219,234,128,102,128,142,179,142,150,197,215,229,196,172,165,139,187,194,128,238,210,232,210,186
120,137,137,103,165,86,179,111,186,234,210,206,172,137,142,128,66,60,53,111,137,32,81,60,41,27,122,111,102,172,128,111,111,158,86,86,128,94,102,119,150,119,81,66,158,231,234,231,242,238,236,251,251,238,231,102,52,66,94,111,128,52,86,172,119,137,186,192,165,158,172,182,158,128,119,111,111,102,119,158,150,94,145,196,150,165,128,160,137,158,179,158,150,186,201,172,86,102,172,111,111,172,194,179,111,210,179,81,192,128,142,119,52,66,66,102,119,119,52,59,142,152,111,111,66,83,86,74,192,172,111,81,52,102,94,19,102,119,74,74,59,94,59,94,165,165,81,94,102,136,119,165,179,215,201,186,165,119,182,165,179,172,150,201,179,179,136,196,228,201,152,111,94,114,136,186,192,142,102,86,128,142,131,76,175,196,66,32,94,119,111,86,66,83,111,73,86,105,94,76,73,94,94,111,119,158,73,73,136,175,128,86,81,128,128,81,86,142,142,119,83,94,168,142,192,186,150,210,215,165,158,142,196,158,142,128,122,157,165,157,94,150,150,128,175,139,136,136,157,66,102,128,136,136,119,165,165,128,136,128,145,81,59,150,160,128,86,73,128,86,31,59,86,83,86,110,66,40,52,59,54,81,102,94,136,94,81,73,86,102,88,81,81,86,66,81,119,81,68,86,119,150,136,142,136,66,142,157,88,110,172,119,66,40,46,46,40,59,52,73,27,66,130,35,157,192,165,142,201,165,94,104,172,142,136,142,167,142,136,81,102,196,165,186,242,172,229,150,223,192,152
111,128,150,196,240,119,172,103,172,231,179,158,119,111,128,128,74,66,103,119,137,111,111,86,41,41,74,128,142,142,142,111,66,86,86,74,94,102,102,111,128,158,86,150,94,222,228,201,172,179,206,228,225,196,192,86,59,119,81,111,81,102,150,137,102,186,165,128,137,165,128,102,111,142,111,86,102,111,150,142,150,137,150,206,219,196,128,102,119,150,150,142,128,150,172,137,94,111,179,186,94,160,201,142,150,165,158,128,137,186,201,219,137,102,165,111,46,74,55,66,119,206,186,74,86,59,23,59,81,59,136,128,102,59,40,59,81,59,52,119,74,94,179,102,165,196,74,165,66,165,150,119,196,210,222,172,207,201,210,196,196,201,111,206,86,152,119,158,215,142,136,142,165,142,150,119,172,219,142,94,201,160,86,150,145,172,35,40,86,111,111,59,48,102,165,128,94,102,102,46,54,122,128,172,111,128,128,102,128,102,94,86,86,86,73,88,119,111,128,81,52,128,119,192,234,238,150,234,228,187,158,192,222,196,172,158,165,196,179,215,212,157,215,220,157,245,172,210,172,219,172,194,172,210,192,172,157,150,186,196,186,224,192,179,128,113,160,152,201,136,94,86,102,142,102,102,179,186,136,102,73,110,81,119,128,102,119,122,94,128,94,102,139,128,94,119,160,128,136,119,94,102,81,179,179,86,110,110,136,128,81,110,81,46,40,35,66,61,42,66,66,136,110,192,119,201,142,113,172,102,186,128,59,81,104,96,102,110,40,46,160,196,225,223,234,219,94,196,215,186,165
172,142,150,206,179,66,165,142,158,137,74,103,128,128,32,46,86,111,94,74,142,103,81,66,66,81,86,137,158,74,119,46,66,86,81,102,102,111,119,142,150,172,179,179,41,172,158,150,86,128,165,186,150,111,128,111,119,158,111,137,102,150,179,111,179,158,102,111,179,158,111,102,150,192,179,158,142,111,150,128,222,145,165,210,225,219,137,119,165,179,137,102,119,102,119,158,111,137,158,165,128,102,165,137,179,158,196,225,222,225,234,225,158,111,137,150,128,66,59,119,128,179,102,119,119,52,27,111,40,102,59,86,102,94,81,128,119,206,136,119,74,165,81,192,27,201,40,128,102,236,222,210,102,102,201,231,142,228,203,210,150,142,105,150,186,158,142,150,179,111,122,81,102,150,86,86,52,142,201,142,179,136,94,206,150,222,46,6,40,119,119,128,165,175,165,142,122,111,142,165,111,145,175,179,192,142,142,192,150,81,86,136,136,73,81,150,136,81,128,102,68,128,136,172,207,168,172,196,196,142,172,192,196,179,201,201,212,215,201,196,206,172,203,219,231,222,231,231,246,243,242,207,219,219,196,182,215,196,192,192,196,210,145,215,128,225,187,172,96,215,150,194,150,196,223,215,179,186,210,212,196,219,215,219,139,186,165,201,130,192,96,150,210,172,172,196,165,157,194,157,136,165,172,165,157,150,136,175,94,81,110,46,46,59,81,42,27,86,136,128,110,102,119,142,150,172,136,128,157,201,119,88,94,40,46,83,86,104,94,68,186,229,220,216,61,96,86,144,239,215,201
158,165,214,103,165,150,74,119,119,86,86,158,81,66,60,53,102,41,35,81,111,158,142,74,102,119,111,210,192,81,102,46,102,165,94,128,158,142,128,119,201,206,179,111,94,111,150,102,137,111,119,111,102,94,102,137,179,179,158,179,142,186,179,179,172,128,158,137,158,150,158,172,165,165,210,206,158,131,128,192,219,158,231,228,201,228,192,172,210,179,142,158,172,119,137,172,122,142,158,128,137,137,145,172,210,222,215,215,215,210,158,158,165,119,111,160,119,94,66,111,142,102,165,140,52,66,59,94,81,66,119,97,66,150,206,172,225,232,158,94,128,136,81,52,158,74,23,111,187,219,206,128,59,29,74,128,158,128,150,102,179,158,158,86,196,206,128,111,128,74,172,186,179,142,46,52,111,66,102,142,66,136,172,215,219,172,46,11,73,102,81,128,119,111,94,81,119,119,86,128,73,119,158,158,201,136,158,201,128,158,179,158,165,187,186,158,139,142,142,165,102,152,128,111,119,119,119,119,136,128,158,158,165,119,157,168,172,182,172,145,165,192,165,196,225,172,196,206,220,206,196,179,172,219,210,196,179,142,150,172,179,172,196,142,157,194,196,94,232,150,186,219,175,201,186,181,157,196,225,228,210,215,128,181,215,201,179,196,186,186,150,196,119,175,210,192,157,192,206,179,142,179,110,150,136,172,150,150,102,81,81,66,46,66,86,66,81,136,110,136,110,83,119,179,139,201,197,150,119,172,165,136,110,102,40,52,75,150,196,179,219,196,110,52,73,119,110,215,252,192,167
179,165,186,137,66,46,53,94,103,81,94,74,158,86,111,102,81,86,66,81,111,206,206,86,86,102,179,215,165,94,74,74,94,179,172,165,210,179,102,122,192,201,142,94,165,196,137,111,128,81,53,46,102,59,81,111,158,192,165,150,142,172,172,179,172,172,210,150,150,196,206,201,186,165,179,206,186,179,179,231,192,196,225,247,196,215,222,186,192,179,179,179,165,179,192,201,165,172,179,150,137,119,142,210,196,201,119,128,152,119,111,119,102,66,81,158,137,102,122,94,165,179,102,114,94,74,97,102,150,81,128,242,179,192,255,253,231,206,111,111,119,66,94,81,59,46,83,158,201,179,102,86,27,13,23,86,81,46,86,94,150,179,186,150,158,142,158,119,196,119,94,238,165,68,119,128,142,150,182,150,59,94,111,194,172,179,52,81,86,94,86,111,52,86,102,59,94,62,46,40,94,94,128,136,168,119,142,186,165,196,196,210,222,226,210,192,196,201,179,196,142,172,111,94,96,172,119,94,111,128,122,86,94,113,94,94,102,119,128,81,81,119,157,131,128,119,81,113,86,86,119,142,86,142,136,81,105,136,142,142,110,142,201,172,192,232,238,223,215,201,210,157,165,145,157,206,179,142,165,179,179,150,172,165,128,157,172,165,172,179,216,119,119,172,186,160,232,225,207,228,187,187,119,119,130,142,201,59,128,102,128,88,119,110,96,86,110,136,136,139,94,94,81,102,186,187,223,210,86,165,219,128,110,136,59,52,179,234,250,212,110,86,33,94,232,197,196,247,247,175,196
165,158,119,142,210,6,172,46,94,66,86,111,158,165,137,137,74,94,66,19,119,215,192,102,46,142,186,196,150,74,35,66,86,142,196,165,172,186,142,165,165,179,179,142,158,172,158,179,119,66,32,35,59,35,46,86,128,165,128,94,119,94,137,150,179,206,210,150,186,201,219,179,179,196,172,172,192,192,194,179,186,192,186,215,201,165,219,150,192,192,137,128,160,206,219,196,165,179,192,142,114,111,119,186,196,111,128,137,119,122,137,137,74,66,119,142,137,102,86,66,150,145,136,86,81,66,66,66,128,94,136,240,228,172,225,215,128,66,128,94,86,74,94,150,102,66,139,210,158,66,52,59,66,46,83,192,192,59,42,52,66,102,172,128,142,94,119,136,192,172,186,119,114,128,158,136,186,215,150,94,150,186,172,215,119,196,102,152,81,73,102,73,81,66,136,136,81,59,52,66,52,86,94,210,165,111,111,179,158,136,160,215,226,186,206,210,196,210,192,192,172,131,113,142,119,168,152,136,119,113,110,94,81,128,81,94,136,102,142,94,73,150,165,128,94,150,142,119,102,145,142,157,150,150,139,102,110,86,81,102,110,175,179,203,226,238,225,196,250,228,150,197,192,192,179,105,150,136,94,110,152,136,119,75,102,128,139,186,187,192,130,196,165,113,172,150,165,255,254,238,206,196,201,59,145,165,172,136,142,152,179,136,186,130,130,172,175,179,172,165,59,81,81,75,192,201,219,201,86,110,225,196,88,88,157,192,234,239,215,165,150,150,110,165,245,255,223,238,232,196,197
186,214,165,94,74,222,86,94,119,60,210,150,128,137,128,103,111,60,19,53,111,158,179,111,41,94,150,179,137,94,32,59,128,186,201,150,128,158,150,165,150,150,179,142,119,111,150,158,102,74,46,41,102,74,32,86,128,111,111,128,119,66,59,111,172,201,186,158,158,192,210,150,172,206,150,137,172,186,179,150,142,182,153,119,150,137,142,119,137,128,94,94,150,201,203,150,119,196,165,111,137,94,119,119,192,150,158,179,165,196,158,150,128,81,150,186,137,111,32,27,94,150,86,66,119,59,24,66,111,150,86,136,192,102,86,119,59,37,74,128,136,102,76,119,66,102,150,179,165,128,128,46,32,46,119,228,225,119,19,23,81,81,128,206,136,105,136,150,150,86,150,201,179,186,158,142,142,139,186,186,158,219,158,179,158,73,215,86,66,46,73,81,128,128,136,136,73,73,73,48,29,150,119,192,128,216,128,165,206,158,192,219,196,219,231,219,179,158,136,201,179,158,136,186,73,94,128,142,102,145,136,110,94,136,128,110,142,136,150,136,172,165,192,179,128,216,196,210,212,192,201,210,206,196,165,102,81,52,81,119,136,172,196,142,119,136,119,172,172,110,194,223,187,168,210,216,150,150,142,136,157,142,81,136,110,110,136,142,186,157,136,201,136,31,52,172,243,255,255,206,196,175,86,160,165,136,232,223,136,201,206,225,119,142,119,196,207,179,192,172,59,128,37,104,73,186,144,157,136,130,196,142,113,186,223,234,215,232,237,157,196,201,226,219,237,251,206,232,165,88,122
142,201,186,66,206,35,142,142,119,137,41,192,196,192,119,119,86,74,103,60,81,172,231,81,94,74,219,111,142,94,53,206,210,150,194,186,158,179,165,119,160,172,59,59,119,128,172,119,111,81,81,128,179,150,74,102,150,111,119,128,86,52,46,59,150,201,158,102,111,158,158,119,172,201,137,128,128,128,150,142,137,165,142,102,86,119,119,102,119,137,111,128,150,196,206,165,186,196,150,119,150,128,158,119,192,192,142,196,196,219,192,158,111,102,196,196,158,94,42,23,94,206,86,86,119,59,32,52,111,94,88,40,119,158,81,46,23,74,35,165,86,59,94,94,46,46,172,175,201,94,40,35,35,35,94,240,219,81,24,35,86,128,128,175,150,111,201,179,74,17,66,192,186,172,210,158,128,179,119,128,136,158,119,88,228,175,86,128,81,81,94,111,94,111,73,128,136,81,66,81,158,172,172,201,111,192,225,192,225,186,210,196,192,241,249,234,186,86,111,165,54,206,73,96,27,102,59,172,52,172,150,136,119,139,179,128,119,175,157,196,231,150,222,131,186,187,192,222,210,179,212,186,186,179,150,86,75,119,150,165,142,219,172,102,86,152,66,128,142,157,201,196,196,232,201,186,207,186,186,196,196,165,131,165,119,86,113,119,110,150,165,142,157,110,73,225,252,255,255,244,229,192,128,48,110,215,223,179,232,157,128,86,128,122,94,186,172,142,194,122,52,119,59,94,23,142,110,136,96,157,187,210,196,194,150,142,223,234,236,179,212,186,229,206,223,244,247,242,119,81,96
137,179,192,137,27,111,119,150,119,142,137,186,243,186,172,158,165,102,46,53,102,228,179,128,150,48,206,150,158,66,81,192,219,172,186,179,128,128,102,142,119,158,46,46,150,53,137,137,142,128,179,179,165,192,150,142,172,137,86,111,111,46,59,81,142,142,119,158,150,122,111,128,150,186,192,158,128,142,150,192,222,201,206,196,150,179,179,142,137,150,158,165,165,186,196,201,206,196,158,142,196,186,158,179,165,165,137,142,150,128,128,119,105,94,137,111,142,119,128,119,165,222,158,94,81,81,66,40,102,42,35,59,136,220,119,59,81,111,86,119,102,111,66,40,102,40,179,119,136,81,46,66,66,35,81,240,225,59,19,35,74,142,81,81,172,172,158,179,59,52,158,186,179,158,172,186,119,172,94,94,102,105,158,136,73,201,150,86,119,139,66,102,142,128,158,192,206,172,142,212,212,172,201,216,158,186,145,196,194,197,196,215,203,240,245,215,131,59,52,61,86,136,81,31,59,111,46,128,66,186,136,158,142,150,152,179,150,150,196,215,225,172,165,119,175,94,210,131,165,150,110,96,157,128,172,196,172,186,196,210,182,192,196,186,157,210,229,196,226,206,179,215,223,210,206,206,210,187,194,196,172,145,160,131,136,75,110,75,110,210,201,196,194,186,136,119,219,252,251,251,226,61,46,75,96,179,192,186,81,86,113,128,139,94,119,201,232,152,110,119,94,110,102,66,172,128,186,130,83,201,219,251,201,110,59,81,196,234,229,179,223,223,232,165,212,232,250,215,172,150,119
150,192,196,128,35,81,179,225,214,158,192,158,172,206,222,192,128,94,41,41,94,179,197,119,66,102,201,215,74,111,59,206,222,142,111,128,150,196,165,102,196,119,94,53,59,137,119,97,137,165,210,240,192,150,206,137,119,142,94,128,74,102,74,94,137,165,219,222,137,172,172,150,179,196,210,192,186,210,201,222,240,222,225,228,210,206,215,186,119,150,137,128,172,172,150,165,186,158,142,150,179,119,89,111,94,111,81,74,52,59,102,111,102,81,59,111,142,142,196,219,192,192,179,94,52,66,86,59,74,94,52,88,136,192,215,158,94,165,150,102,139,165,66,66,59,62,111,192,131,40,40,48,52,52,94,231,242,35,16,35,86,152,46,27,228,192,158,220,186,128,201,136,83,150,136,172,172,122,142,150,86,150,86,59,172,119,150,111,139,158,136,66,35,83,158,160,142,192,196,142,186,179,165,206,196,86,73,142,111,136,150,128,165,196,172,128,111,81,86,122,128,88,119,102,73,73,81,52,73,128,110,102,196,175,172,210,182,128,215,210,142,150,142,128,136,119,160,94,136,102,96,110,102,145,192,206,220,196,192,234,179,197,222,165,206,212,242,215,219,242,201,228,228,165,179,197,157,142,136,165,186,86,119,73,142,73,81,110,179,142,165,128,172,73,110,201,196,215,232,236,242,165,40,73,102,145,128,150,142,150,142,142,94,86,165,186,142,152,136,160,128,110,142,175,128,150,196,157,187,240,248,242,192,52,52,86,165,225,225,179,235,251,238,206,210,215,232,223,201,150,142
142,214,201,150,66,158,233,238,222,150,172,165,158,192,172,94,60,66,111,86,74,128,225,111,9,150,179,192,66,119,94,142,219,201,128,142,186,128,94,165,186,158,137,59,35,158,74,128,119,86,179,158,158,192,165,119,119,142,94,94,128,52,94,111,186,215,210,222,225,243,186,234,247,225,206,206,179,197,215,172,196,236,201,172,206,206,228,192,142,119,86,137,179,128,74,119,137,86,119,119,94,59,35,46,66,66,94,86,94,128,137,114,119,137,158,158,137,150,192,207,165,160,172,74,66,88,94,59,102,186,150,94,94,150,201,114,74,179,172,192,179,192,86,102,46,32,136,222,150,32,6,40,111,59,66,219,239,59,9,74,179,234,150,122,172,222,222,158,187,165,172,136,119,165,207,215,196,172,102,179,194,122,32,172,81,73,73,142,136,81,52,35,73,111,94,111,102,128,35,59,27,66,122,165,119,136,46,94,94,86,139,128,136,119,128,136,136,94,111,119,119,158,158,119,46,52,83,59,76,94,142,157,157,150,157,192,215,219,216,157,119,201,192,145,157,136,94,142,157,110,128,81,105,150,142,110,196,210,186,201,212,224,142,175,210,201,160,236,187,234,192,223,215,136,128,165,128,102,165,179,172,136,136,150,157,131,136,225,175,94,157,68,94,119,119,179,179,128,165,216,243,201,81,86,73,110,150,215,179,187,73,102,110,104,136,150,128,152,136,128,172,196,119,142,167,196,201,215,225,83,179,251,196,46,75,119,152,235,243,215,225,254,251,223,179,197,219,236,203,179,142
172,172,142,179,179,186,240,231,210,214,158,206,214,179,111,46,53,111,103,94,119,158,158,102,41,102,172,210,179,137,94,142,222,215,150,137,172,206,158,137,196,206,142,59,111,150,142,128,74,94,201,219,206,201,165,128,111,102,111,165,165,137,74,150,196,238,231,201,231,186,215,245,238,201,225,210,145,119,165,192,210,201,215,165,201,219,225,215,137,102,128,137,137,102,128,206,165,74,137,142,140,66,102,97,111,128,165,165,192,186,137,119,165,192,186,150,119,119,192,172,136,165,150,94,94,102,74,66,102,165,196,150,111,111,81,35,52,142,172,192,158,150,142,119,66,40,175,219,152,66,52,74,81,52,81,231,238,81,9,86,197,212,172,94,182,196,212,66,158,158,196,165,165,179,186,196,128,94,201,197,168,119,215,66,192,128,94,142,86,52,40,86,102,128,142,119,83,66,40,46,46,81,128,158,150,225,186,158,142,128,150,158,150,136,102,119,119,102,59,59,150,66,111,111,192,128,175,46,73,172,160,150,165,175,157,179,225,215,136,206,215,179,219,172,136,152,142,136,128,139,122,66,142,142,119,96,128,186,152,165,186,152,128,186,206,201,172,196,172,157,142,186,150,142,194,206,192,210,238,228,219,136,192,232,186,128,201,210,181,110,110,81,136,179,150,73,128,136,136,206,225,172,136,172,88,150,172,220,167,165,94,110,110,73,66,86,128,94,86,192,223,215,179,128,136,212,210,181,73,35,206,253,223,119,73,102,203,219,167,201,244,252,251,181,136,240,219,215,196,165,128
192,94,60,119,94,192,201,214,201,196,192,236,210,165,111,74,94,74,119,111,137,192,128,86,81,128,150,165,158,137,102,201,231,214,172,137,172,192,192,150,150,172,137,81,53,102,142,74,94,186,238,238,231,236,179,66,74,94,74,66,119,137,81,153,158,196,186,201,186,179,172,210,219,231,196,219,192,105,187,234,179,219,248,225,228,225,222,234,186,150,158,102,158,150,192,234,228,192,196,222,210,119,192,182,192,222,179,219,172,206,94,94,192,145,142,179,111,111,196,158,158,136,111,102,128,74,94,86,81,111,158,158,165,158,111,66,66,150,128,165,136,128,122,119,66,74,196,196,150,128,136,165,165,94,128,210,219,128,35,102,81,59,136,111,94,102,128,59,111,206,225,142,111,128,128,165,212,210,192,197,172,203,192,128,219,119,150,86,81,94,73,81,136,172,119,40,46,81,46,42,150,128,150,165,165,241,210,224,119,136,111,158,158,136,119,81,83,73,52,35,37,102,119,128,206,142,81,110,119,192,157,182,142,102,157,182,150,142,102,136,201,165,136,157,136,136,86,86,86,152,196,165,150,128,94,119,136,119,128,119,81,110,157,157,206,228,179,94,142,96,102,128,128,186,232,244,248,251,247,223,194,110,196,212,201,128,215,206,219,52,86,206,232,192,139,86,136,172,128,196,226,228,128,94,122,119,165,228,66,196,102,73,46,35,52,139,165,136,157,224,210,201,194,219,196,157,186,102,94,27,157,243,243,165,66,102,187,201,201,187,235,236,219,243,226,150,241,243,197,150,206
186,35,74,66,128,86,158,158,142,201,196,192,179,103,86,66,66,94,119,140,137,214,137,74,137,142,219,142,74,102,128,150,206,196,165,128,165,179,59,102,215,201,142,128,142,179,137,137,153,225,222,244,242,196,111,81,111,86,142,158,128,150,137,74,102,201,186,186,179,165,119,228,206,219,222,231,196,142,206,244,248,244,252,250,236,192,251,201,186,172,150,119,137,150,210,225,234,228,222,238,222,186,94,206,137,215,172,158,196,179,128,128,158,137,137,137,102,158,210,172,142,111,94,179,102,119,102,94,66,52,86,128,165,225,234,192,102,102,128,142,136,102,81,94,32,119,196,150,119,150,165,219,219,111,94,201,186,201,194,158,136,119,86,66,74,102,119,94,102,219,210,94,81,142,196,222,222,201,86,192,219,179,139,158,196,220,179,94,119,94,68,136,165,131,111,59,35,52,111,32,59,142,201,196,179,234,150,186,73,73,119,179,150,81,76,86,86,128,94,66,186,81,96,111,150,136,165,81,110,142,157,110,94,75,94,119,110,175,172,150,75,157,102,150,172,119,102,128,139,152,186,136,94,128,86,86,136,119,119,83,42,68,142,122,229,228,157,136,119,136,142,142,142,196,236,242,243,240,215,142,94,86,165,215,226,201,234,232,201,96,165,226,234,201,167,145,172,192,196,172,219,242,172,150,150,142,187,157,165,157,113,102,119,86,86,142,179,196,234,234,207,225,196,172,157,225,196,102,122,75,119,255,228,110,102,165,201,172,172,186,203,249,249,181,142,228,206,248,232,206,175
142,86,103,111,53,35,74,94,142,150,111,86,81,103,53,53,53,74,119,150,158,212,119,111,74,228,250,186,35,128,201,66,59,142,137,86,74,94,66,111,165,137,172,206,142,215,179,128,150,150,165,137,111,66,86,137,111,102,94,94,137,234,172,48,81,168,172,128,150,186,179,201,238,225,219,196,201,236,243,245,247,251,252,234,215,201,210,179,186,128,111,81,81,194,201,201,186,179,210,219,165,201,128,172,119,172,158,158,206,179,150,128,165,207,119,86,145,186,215,201,136,94,192,201,142,179,111,68,111,32,59,111,136,210,248,220,111,102,119,119,86,119,66,83,59,128,150,128,111,219,215,119,94,81,81,150,150,236,220,222,192,197,150,158,150,186,172,128,94,145,206,150,136,186,215,225,215,186,150,165,196,136,119,179,201,172,158,160,119,128,76,88,186,136,94,128,86,66,48,9,16,158,73,35,131,102,179,186,81,40,52,136,165,136,88,94,196,210,225,179,86,142,165,119,96,175,86,86,128,111,179,172,157,102,86,172,179,119,59,66,150,94,197,119,136,150,119,152,128,119,145,136,128,142,102,66,142,194,136,73,59,136,165,196,172,157,210,186,207,201,201,219,157,119,186,165,94,136,167,136,54,75,228,250,237,215,234,234,165,179,150,142,186,179,186,192,219,219,212,192,203,248,236,215,216,206,192,201,186,225,157,219,181,157,136,136,186,223,232,225,192,167,179,186,206,226,223,102,104,192,210,223,234,136,142,157,165,172,165,172,197,210,210,210,152,54,192,201,234,157,186
172,119,66,94,46,86,60,81,119,86,94,86,53,94,66,41,111,137,128,137,179,179,165,111,81,253,242,165,102,222,59,119,94,66,94,102,86,81,66,35,53,137,172,137,111,222,150,172,102,41,94,158,86,94,86,102,102,111,179,94,201,179,165,66,81,128,86,137,219,172,158,215,231,210,225,215,215,243,243,228,231,254,250,137,128,137,179,225,142,111,102,86,86,128,158,145,150,172,201,197,142,179,196,111,179,179,175,186,165,222,150,140,186,192,137,165,206,196,210,210,150,192,245,196,210,158,165,74,136,119,76,131,172,222,210,186,119,94,102,128,59,59,81,136,52,150,142,158,201,236,201,35,27,52,40,52,165,150,179,165,172,234,243,232,210,215,165,76,102,102,201,224,172,165,206,197,192,196,192,165,186,152,86,119,179,172,119,142,81,102,94,35,111,165,81,102,182,192,102,32,35,27,16,94,111,196,196,179,102,40,81,119,111,102,136,168,225,231,128,179,192,128,128,81,136,86,136,35,128,172,225,243,142,150,206,201,196,160,157,150,150,86,150,86,142,139,187,150,142,150,192,160,102,136,172,142,165,172,94,94,150,83,128,157,197,160,238,186,196,179,186,203,128,46,68,66,54,122,203,203,128,196,236,236,186,192,172,194,142,150,150,128,192,186,172,186,210,167,160,201,152,201,236,215,206,215,179,186,157,150,165,172,165,192,196,175,179,206,206,210,167,110,186,194,142,234,220,110,186,150,206,196,229,136,110,160,179,201,223,165,150,165,119,104,94,144,83,172,142,175,128
145,137,103,74,86,119,74,81,74,74,137,111,81,81,53,46,74,119,145,128,186,206,128,32,172,245,236,86,165,111,137,102,119,69,81,150,128,196,228,128,81,74,66,119,119,86,215,179,119,172,74,142,111,66,150,111,128,81,59,192,137,81,206,192,203,150,172,137,240,179,231,222,222,228,247,245,206,222,240,172,179,250,231,172,179,194,186,158,206,128,111,142,137,111,102,150,186,158,142,172,142,172,142,97,210,192,86,158,215,196,158,142,128,137,152,206,242,232,232,238,234,231,231,201,186,172,168,94,136,172,179,186,219,226,111,158,172,145,142,119,46,52,150,196,59,238,165,165,206,228,139,17,16,32,27,40,102,66,94,86,150,179,236,192,158,192,179,46,119,160,186,210,201,172,158,136,158,136,172,165,207,142,105,94,128,179,186,128,94,94,102,73,128,179,111,142,247,252,220,136,102,73,158,201,219,231,225,165,136,119,73,73,142,206,172,196,222,158,158,194,136,142,73,102,150,215,186,142,142,196,152,150,201,186,179,172,186,172,128,94,150,150,96,128,128,186,192,172,150,196,128,142,136,142,142,110,68,136,179,94,102,81,157,94,226,172,165,94,66,110,139,128,105,66,40,172,236,219,206,219,216,136,192,66,31,157,46,83,119,119,152,210,210,186,186,201,157,119,150,179,81,83,210,165,179,210,172,102,86,157,142,94,142,201,225,225,186,157,186,206,160,81,157,167,186,232,210,157,172,150,175,172,179,86,165,165,186,201,225,206,142,150,119,150,94,59,46,157,186,157,192
81,119,186,94,81,94,103,103,53,94,137,94,86,74,41,27,41,119,150,119,158,186,102,46,81,244,228,59,137,128,94,111,111,66,94,172,196,219,201,86,89,94,94,102,186,128,102,150,158,150,165,111,102,53,119,142,86,81,74,137,142,137,210,142,165,111,128,165,201,219,219,158,225,243,240,236,186,196,215,137,150,250,251,196,150,172,210,238,102,102,150,150,94,74,48,74,94,81,86,74,66,46,94,111,150,102,86,158,216,201,172,145,128,111,150,206,242,232,215,240,245,219,210,228,201,179,165,158,186,186,231,194,220,201,111,119,201,186,150,102,94,119,196,228,179,234,192,172,238,236,74,16,10,27,55,40,35,52,81,59,94,66,179,52,81,186,192,40,111,201,182,172,186,145,111,122,96,131,192,172,165,122,172,142,186,179,225,102,111,102,40,81,158,150,142,165,201,175,201,201,236,142,210,243,186,197,158,150,160,179,86,119,196,165,168,206,196,142,196,160,139,165,111,111,150,172,179,136,150,157,110,142,196,182,102,105,128,128,142,186,136,192,142,66,128,182,110,179,142,142,81,81,66,102,102,110,136,165,196,128,194,187,194,157,201,194,222,110,94,66,119,150,157,172,196,201,232,196,128,86,210,94,40,31,46,128,42,86,102,145,136,243,225,165,210,238,216,130,102,119,86,102,179,136,207,179,207,86,110,186,110,81,102,186,196,165,128,160,192,220,165,88,165,201,225,225,172,186,210,165,186,186,119,94,165,215,196,201,236,232,201,186,128,110,104,66,102,192,229,142,157
74,81,172,94,66,150,119,86,103,111,74,81,53,41,46,35,53,119,102,111,192,158,81,66,150,252,236,66,102,158,119,102,119,119,119,128,201,240,179,74,66,153,142,153,179,137,179,142,137,158,111,128,86,76,119,172,142,111,102,119,119,192,182,119,196,35,203,59,158,225,196,219,206,228,206,215,210,201,206,128,102,234,240,186,206,165,250,219,222,179,128,137,94,102,111,94,86,111,158,66,46,179,74,111,119,111,137,168,239,215,222,196,172,158,150,192,222,219,172,212,222,222,225,179,228,201,215,238,222,201,186,150,165,158,111,97,165,215,179,142,172,194,215,240,192,201,210,219,249,179,40,6,19,46,94,74,32,68,81,48,86,94,119,76,158,165,119,52,96,186,179,142,142,158,136,96,122,172,196,158,128,158,142,215,201,225,232,150,145,81,27,66,142,119,150,111,86,81,215,234,234,150,136,192,142,61,150,165,196,201,186,94,142,210,206,186,186,225,201,215,225,196,165,86,215,207,102,128,128,158,179,197,196,196,182,136,128,136,150,210,196,131,136,94,102,83,81,54,66,102,81,66,128,206,186,181,219,196,216,231,206,232,219,215,219,222,187,128,94,94,142,223,228,225,244,179,68,102,66,81,110,175,66,160,110,157,128,81,73,150,210,238,236,194,165,192,172,157,139,142,94,128,145,157,210,165,210,110,119,88,81,96,66,142,150,136,128,150,206,228,157,66,136,157,192,224,196,186,181,192,215,201,172,136,86,150,197,206,234,219,219,152,181,206,142,142,197,196,196,165,186
74,119,74,111,66,119,86,86,142,86,41,60,53,48,74,74,53,137,81,165,210,201,81,66,206,253,206,86,102,102,119,119,111,119,128,137,192,206,165,81,35,66,94,172,192,128,128,172,142,119,119,150,150,137,94,165,206,165,111,119,142,128,137,158,165,86,66,94,192,196,206,210,231,215,228,179,186,192,225,186,94,172,250,231,219,160,231,222,158,196,158,86,172,172,179,150,142,165,186,165,165,83,231,119,158,160,196,179,222,248,206,192,142,150,158,158,206,206,206,210,225,228,243,219,212,215,207,210,216,192,172,168,186,182,119,86,142,206,215,152,128,210,201,158,128,150,206,219,196,119,24,9,27,66,102,94,52,59,105,102,150,165,128,128,182,136,66,59,74,150,150,142,179,186,165,119,136,165,186,150,158,150,119,206,172,231,238,179,150,96,66,73,119,111,136,102,32,52,212,222,179,128,119,52,136,59,158,165,201,203,179,179,196,210,192,186,186,225,225,231,210,222,165,197,113,128,81,86,179,186,196,210,210,150,197,215,179,206,237,226,210,186,94,88,73,46,73,86,66,75,81,94,66,68,192,229,206,206,206,222,192,186,210,165,165,222,215,186,216,136,215,238,232,150,128,128,73,96,81,86,136,187,119,206,179,234,179,139,110,165,219,215,157,196,192,181,179,165,167,128,128,157,165,196,196,194,179,119,165,33,157,179,119,102,186,172,110,142,206,223,179,110,81,128,128,236,197,128,225,212,223,215,157,104,52,81,192,232,225,186,196,165,160,201,179,136,208,186,187,210,225
94,150,23,119,46,74,27,111,53,74,53,46,74,35,41,86,94,74,165,179,203,201,94,35,236,252,150,119,111,74,111,102,102,94,94,122,192,201,172,74,35,41,66,192,192,158,94,119,158,137,165,158,142,158,128,137,158,150,179,142,165,119,86,175,158,74,81,150,172,192,225,186,210,234,228,201,186,192,196,196,158,222,249,236,179,240,94,215,142,179,158,119,158,234,196,172,179,186,192,212,210,238,158,192,210,172,210,172,238,158,234,150,186,136,192,225,206,179,179,206,196,206,210,225,128,186,128,165,206,145,201,192,215,186,165,122,102,186,212,119,102,172,158,111,102,128,179,186,152,46,35,40,32,88,119,102,81,102,201,210,201,179,119,128,119,136,102,94,114,150,136,150,179,179,186,150,94,158,172,142,136,119,81,119,128,192,238,212,179,158,150,94,94,111,86,52,35,40,136,197,119,73,94,52,128,102,168,172,165,186,182,172,136,142,145,168,203,196,210,219,229,201,215,142,160,59,81,145,220,210,172,210,201,192,172,186,172,220,142,219,142,168,119,40,86,94,59,86,119,94,96,46,52,142,222,222,179,197,157,186,145,192,52,157,179,215,219,187,210,210,197,110,81,40,31,142,186,94,110,119,102,66,145,192,228,236,186,52,66,142,210,210,136,165,192,206,215,196,196,150,186,172,186,232,165,229,201,119,142,119,142,232,172,136,186,136,157,179,150,215,206,172,75,142,128,181,165,219,219,225,215,157,86,61,81,128,196,223,192,160,94,179,150,142,196,179,172,179,179,210,165
142,60,94,41,81,128,32,74,60,41,74,66,74,53,41,94,102,76,165,142,201,111,46,102,245,254,97,150,128,119,74,94,111,89,94,158,206,210,94,35,66,59,86,128,150,142,81,76,186,165,111,111,150,150,153,119,137,158,128,196,179,128,142,172,186,137,66,59,165,206,231,215,210,231,201,219,228,186,196,215,197,179,219,248,219,186,192,158,165,128,158,206,94,150,210,150,137,210,201,210,216,158,240,192,231,196,201,219,231,172,219,201,196,150,142,206,228,201,165,179,238,222,186,111,128,102,179,231,186,248,219,222,201,111,40,74,186,201,206,158,150,165,222,74,81,219,196,150,111,32,74,66,66,142,179,150,158,186,236,225,172,172,111,86,94,152,111,158,182,179,158,172,172,165,158,119,136,142,142,94,86,111,66,66,81,158,231,219,179,192,201,102,73,111,81,59,94,81,105,136,59,81,94,128,102,158,201,136,136,122,94,73,105,136,102,111,231,216,220,186,231,192,247,225,186,59,86,122,150,179,119,150,139,119,136,105,131,81,119,172,110,136,81,54,94,86,102,142,197,192,110,46,66,157,110,94,192,152,142,179,165,86,172,234,215,196,201,157,94,119,110,81,119,157,139,59,86,68,142,165,160,66,119,119,167,201,172,86,75,215,232,215,201,197,186,167,157,210,242,232,150,110,201,240,240,234,225,128,186,175,119,194,160,128,142,192,165,157,172,187,179,152,86,196,81,94,192,249,142,248,219,104,46,83,86,160,165,150,157,150,102,172,186,150,181,196,136,167,139,73,94
142,53,35,41,86,74,35,41,94,81,94,74,81,66,53,74,119,137,86,192,137,94,35,137,249,251,119,119,150,119,74,128,81,81,119,192,192,172,81,33,81,74,97,128,128,137,53,86,165,119,137,128,150,142,137,128,102,111,172,186,142,210,192,186,225,206,137,131,81,165,206,236,206,206,232,238,245,210,206,225,179,222,222,228,236,222,196,158,186,187,158,165,137,206,196,158,150,186,207,119,158,128,158,240,215,192,179,201,206,165,219,225,179,150,111,192,240,206,186,186,158,225,165,203,165,186,206,201,165,172,225,192,158,32,52,66,192,242,201,215,215,179,225,192,119,253,228,192,111,52,102,165,201,158,196,206,192,219,231,201,128,111,192,158,128,158,139,219,172,201,179,179,165,128,86,128,142,128,94,52,86,172,94,66,88,158,210,215,196,192,197,136,86,86,102,160,186,139,119,158,131,128,128,113,94,206,206,136,81,31,35,122,186,187,111,160,242,244,212,226,219,234,245,249,212,111,179,102,94,73,61,119,150,142,172,131,81,66,73,68,105,66,59,150,119,157,119,215,219,231,172,110,86,94,186,192,186,172,196,119,215,245,250,201,210,119,175,157,110,150,136,136,139,186,216,150,128,110,75,40,52,110,110,66,130,223,186,102,54,192,242,201,179,179,136,192,226,234,238,241,179,139,192,244,253,244,240,225,181,167,157,94,102,110,119,157,219,172,96,102,128,144,119,130,68,73,215,248,165,248,232,128,27,102,94,128,150,110,119,157,186,223,167,181,186,142,119,128,61,59,196
86,41,53,46,53,74,35,66,81,74,111,53,74,66,46,46,86,172,150,150,150,142,66,158,238,250,81,94,150,105,128,142,94,74,119,172,179,137,137,74,59,81,119,158,186,137,119,142,158,128,150,142,142,128,142,142,128,137,172,172,165,231,192,234,165,236,94,102,94,179,206,210,186,219,242,234,236,201,201,219,224,215,172,210,215,201,210,172,179,192,150,137,142,206,196,142,128,137,158,201,119,168,172,215,192,192,158,160,216,222,219,192,179,137,150,196,234,203,137,201,224,228,240,215,196,231,210,179,179,165,196,196,150,59,52,81,94,219,219,206,242,219,192,210,192,243,240,231,46,136,206,207,192,158,175,206,201,237,201,74,111,94,255,240,128,111,142,201,179,192,192,81,81,128,86,68,81,86,86,86,150,158,158,81,136,119,150,237,210,172,136,172,142,83,128,182,165,136,128,179,172,142,73,59,81,172,196,165,111,52,86,194,225,203,145,203,222,210,192,210,210,231,210,197,215,142,165,152,86,66,73,131,157,179,201,179,73,54,94,102,96,66,86,110,150,128,201,201,201,219,172,128,102,172,196,203,196,160,119,222,201,247,201,175,157,119,157,172,142,119,152,110,179,128,136,220,194,110,81,136,61,81,46,81,128,150,59,86,152,136,210,201,102,196,212,206,232,196,165,207,192,128,167,250,236,196,172,201,203,179,142,96,86,110,136,192,210,142,59,86,136,210,179,142,157,94,203,248,186,206,235,201,73,102,122,142,150,86,66,128,196,228,150,165,186,119,86,75,33,165,232
86,86,32,46,66,53,46,81,103,66,46,46,46,102,53,14,13,111,192,172,186,158,111,137,249,225,102,111,137,137,137,105,94,128,128,160,172,137,128,128,94,81,102,192,222,142,219,186,179,137,111,179,179,119,142,158,142,158,142,172,186,196,192,179,128,172,74,102,150,94,111,206,222,165,196,215,206,228,234,222,228,186,215,119,142,225,242,186,186,186,158,150,186,186,207,186,128,186,186,215,234,172,201,196,196,172,150,215,172,172,231,186,165,201,165,172,228,219,206,206,201,201,201,215,192,94,74,142,119,186,186,210,172,136,74,59,102,179,238,215,196,245,201,172,210,186,196,136,46,81,215,150,142,172,142,179,201,179,172,52,74,206,248,234,35,66,136,128,196,102,111,66,94,165,119,27,40,128,172,179,172,128,165,136,201,142,158,182,196,102,86,165,119,119,128,128,102,150,142,172,158,94,27,35,52,142,165,215,210,158,145,165,179,150,111,175,182,179,152,206,206,179,157,150,157,128,157,192,142,128,119,94,119,172,196,186,119,68,81,136,86,102,142,136,172,119,142,150,175,181,175,172,136,94,157,212,201,131,172,216,192,179,186,119,128,113,186,102,86,136,139,128,186,215,179,192,157,150,157,142,157,73,73,42,157,96,243,105,186,136,110,142,94,119,197,136,172,192,102,150,192,139,136,179,94,102,160,122,234,232,196,88,86,157,172,175,201,142,110,68,236,252,250,192,152,119,223,228,201,210,215,215,128,102,144,150,142,119,86,86,150,150,139,102,165,102,66,42,46,150,206
103,74,41,46,60,119,46,86,81,81,94,102,81,60,27,19,53,128,142,201,158,137,150,196,240,206,111,158,150,111,94,94,140,142,137,186,210,172,119,137,158,94,128,186,201,196,186,201,172,150,119,142,172,142,158,158,150,172,158,142,196,192,158,86,119,66,128,81,94,74,128,179,186,137,94,187,186,206,236,228,203,201,210,86,192,231,219,119,196,206,186,142,111,158,210,165,111,172,192,206,158,215,179,179,220,228,142,196,165,192,210,219,119,114,158,142,182,219,224,158,201,225,186,206,158,66,74,215,225,172,179,179,150,142,111,74,111,172,196,219,165,128,186,215,206,179,150,136,33,86,142,150,102,111,119,136,196,165,119,111,81,128,234,196,86,74,111,86,102,94,111,136,136,142,94,40,73,179,201,186,128,119,186,201,150,210,160,86,158,73,119,105,145,165,136,128,160,192,187,136,111,52,23,32,94,86,186,215,219,186,111,102,111,119,122,175,201,186,186,225,192,194,172,186,160,142,160,210,157,136,157,142,139,175,179,165,142,113,102,128,122,168,215,179,165,201,186,150,150,172,196,160,119,86,157,225,228,201,206,203,119,128,165,73,94,136,110,150,136,119,102,160,192,215,165,119,179,201,136,142,229,96,40,105,128,119,136,196,142,219,94,81,152,122,136,119,96,172,113,192,196,210,236,210,42,94,119,165,206,232,210,142,94,179,136,157,212,150,40,35,242,254,236,253,192,144,223,228,201,206,238,201,157,142,119,96,128,152,94,94,102,96,122,119,119,81,52,52,66,81,110
41,60,66,158,119,137,60,81,103,74,60,94,81,27,27,41,46,94,158,140,150,150,196,172,231,158,142,179,102,74,114,83,119,150,142,210,196,66,74,119,119,128,142,150,186,214,179,179,142,137,102,66,128,179,172,194,172,137,179,179,150,186,119,94,102,74,74,52,137,119,186,196,172,142,94,137,172,97,192,172,201,192,206,119,192,165,196,192,179,196,165,94,158,52,158,225,131,187,192,192,225,172,114,244,196,179,210,186,206,222,201,219,186,158,128,128,210,242,215,192,222,222,186,160,186,172,119,142,179,165,105,136,182,136,145,131,59,94,136,179,186,240,186,158,158,158,131,86,23,119,179,150,94,86,142,165,128,158,201,206,165,210,215,192,119,128,119,86,74,111,158,158,136,86,119,136,186,219,206,136,102,136,192,158,128,158,119,94,83,102,119,165,219,210,165,136,128,128,128,111,88,73,46,35,73,111,196,150,179,158,66,86,94,128,179,197,210,192,192,231,142,172,150,196,196,128,81,179,136,136,172,179,196,196,192,186,172,157,186,136,197,234,225,201,150,142,165,160,160,175,150,136,102,73,122,215,228,215,203,172,110,61,81,119,81,128,142,128,94,73,113,150,219,232,222,194,201,192,150,130,94,136,186,73,81,175,201,179,207,206,172,165,196,150,136,150,73,128,172,192,226,157,206,119,122,157,110,186,139,219,219,119,66,94,160,150,207,86,5,23,73,219,237,244,241,179,229,197,142,187,236,223,192,119,94,94,122,192,157,94,83,122,201,86,52,81,59,59,59,54,68
60,46,81,74,128,94,94,81,53,53,81,60,35,35,66,66,41,86,158,102,137,94,201,122,182,94,94,142,119,74,119,119,94,111,94,86,76,53,172,137,142,86,111,186,94,201,196,137,94,102,142,128,165,206,210,234,206,111,158,186,172,165,145,142,140,102,94,86,111,158,201,210,192,172,150,137,119,74,86,119,196,206,182,128,158,196,192,186,175,201,201,86,74,137,111,201,196,175,158,179,196,215,165,251,179,228,196,242,236,244,236,215,158,142,142,186,234,247,212,231,236,220,186,158,222,203,228,150,236,165,111,142,219,186,119,142,119,186,216,201,201,128,128,66,86,136,142,111,48,59,201,179,102,94,111,66,136,212,234,219,236,249,234,158,150,192,152,52,102,206,179,158,186,136,150,179,158,207,210,165,179,158,119,160,201,165,94,119,59,158,160,215,210,215,158,66,81,96,73,111,128,94,86,46,46,215,119,128,142,102,73,81,119,160,196,196,172,179,186,201,142,81,172,179,165,128,61,102,172,186,192,179,196,210,210,186,196,150,160,94,224,225,215,201,165,110,179,150,119,81,94,86,68,86,119,157,201,215,150,136,81,48,110,136,128,86,136,128,113,119,110,181,239,232,196,165,210,196,102,110,110,94,96,73,142,216,194,179,196,225,225,142,119,187,179,142,96,136,192,172,192,201,187,128,186,157,142,201,250,119,150,104,73,110,186,186,128,128,52,23,157,157,247,196,251,228,207,192,128,244,251,215,206,119,104,142,83,142,172,113,172,152,94,119,86,83,68,59,59,46,59
86,81,74,74,103,74,94,53,66,74,35,32,66,81,41,41,94,102,46,81,74,172,137,137,35,186,66,142,128,172,233,228,186,150,81,35,94,53,27,111,119,111,142,128,128,137,158,111,105,158,206,137,102,201,222,222,228,186,128,201,196,158,172,142,150,102,119,81,41,128,196,210,210,192,165,142,102,46,59,128,142,142,179,137,119,222,186,172,186,215,222,137,94,111,119,165,206,165,142,165,192,219,234,240,225,226,219,243,242,248,240,228,201,196,172,119,206,246,240,206,192,150,158,231,238,238,242,219,238,158,74,158,192,179,207,236,239,245,236,194,222,158,231,102,145,172,86,6,128,158,172,179,172,119,94,102,128,196,207,238,254,231,231,128,119,158,158,81,119,150,196,201,210,142,94,172,165,88,150,210,206,142,136,172,236,210,158,158,165,179,165,219,186,203,175,119,142,142,128,150,111,73,131,88,81,119,66,111,81,81,119,81,158,192,196,158,119,142,119,86,142,96,192,201,157,206,96,179,206,206,194,186,165,210,231,216,179,128,81,75,186,157,219,172,179,142,181,110,54,31,94,128,136,181,150,139,157,128,136,81,73,59,110,157,102,73,119,157,167,136,88,128,215,201,181,172,179,196,110,179,187,157,94,110,192,210,128,128,192,210,196,139,94,186,181,88,136,179,142,102,167,157,201,232,210,157,128,119,210,206,119,86,113,142,150,142,136,150,119,150,186,172,165,119,157,212,196,210,242,201,226,206,220,203,136,150,157,113,160,192,201,150,172,186,52,130,81,52,48,46,31
66,32,32,128,94,81,103,53,53,66,66,46,103,94,81,66,41,66,46,74,60,74,94,60,111,102,192,94,86,192,225,242,231,219,214,179,119,137,94,128,137,179,128,192,53,94,131,128,128,142,186,196,74,86,196,165,196,165,102,142,142,158,137,86,59,52,81,66,32,102,172,201,186,187,158,119,102,66,86,150,111,137,186,128,179,231,192,215,226,206,186,128,119,128,158,201,201,158,158,210,194,215,222,210,215,210,215,222,206,219,219,210,182,131,81,119,225,242,206,150,111,86,136,231,225,245,234,225,228,179,136,150,111,196,228,234,242,231,215,245,192,225,219,253,165,201,86,196,192,150,128,186,222,186,86,111,179,179,212,243,234,242,231,160,187,192,158,81,139,136,168,196,186,136,81,139,136,150,192,210,219,179,206,234,240,219,179,222,222,210,150,196,206,197,196,186,172,172,179,142,81,66,102,94,59,32,46,40,48,128,150,150,165,197,160,73,40,86,136,111,186,201,216,215,201,201,179,225,206,192,192,157,157,187,251,244,142,102,88,59,142,160,201,150,150,136,110,73,46,52,150,196,192,206,152,110,73,83,66,86,136,59,110,136,86,73,66,110,136,128,119,81,81,150,181,212,192,150,142,192,201,172,59,186,179,196,206,165,206,181,150,152,119,130,167,119,96,142,110,186,226,248,238,210,201,196,181,157,212,223,186,86,94,226,234,201,157,122,94,136,186,232,150,167,225,157,172,150,201,225,239,210,224,228,172,96,86,122,192,194,150,219,179,157,110,81,160,31,66,86,104
16,35,35,46,74,86,81,60,41,66,35,48,94,60,74,94,66,81,81,66,27,81,66,102,128,94,128,59,53,66,94,142,150,172,225,219,236,196,201,225,201,224,242,186,74,74,76,119,94,158,142,158,119,137,196,179,111,111,137,137,128,66,46,66,52,27,32,111,128,66,66,66,119,158,165,128,119,119,81,165,145,114,142,192,236,215,201,243,234,142,131,165,158,186,196,210,142,137,172,210,179,186,203,179,172,142,142,172,158,165,165,150,119,62,52,136,222,215,150,196,172,9,6,172,150,150,206,172,158,194,179,88,81,122,179,228,225,172,196,210,231,215,210,231,228,119,142,244,179,32,59,128,165,128,102,150,196,219,238,249,253,179,142,206,152,136,187,94,158,136,238,111,94,73,66,168,244,201,119,210,236,225,215,225,201,136,86,222,210,210,136,186,186,150,150,175,172,158,165,96,66,59,46,52,73,52,33,40,81,128,142,158,150,172,111,86,86,179,228,207,186,196,234,242,179,94,179,220,179,157,192,122,142,192,243,237,160,94,86,122,179,157,128,119,128,94,75,102,102,160,210,206,179,165,142,61,40,66,46,165,165,113,110,86,102,40,61,81,119,110,86,110,88,152,220,215,210,81,96,128,150,102,61,196,186,224,150,186,224,172,150,150,136,187,142,128,165,142,128,229,232,186,232,210,192,223,229,215,172,206,203,136,139,228,248,223,150,157,136,130,225,243,232,150,150,157,186,225,225,236,241,197,225,225,172,66,86,94,88,142,165,102,86,165,119,142,186,35,23,46,86
19,81,35,13,81,60,41,128,103,23,32,81,74,53,53,86,76,66,86,81,41,66,66,59,94,111,66,94,59,10,19,3,9,32,81,74,81,165,128,81,179,219,243,179,81,35,97,66,81,94,150,158,119,102,158,142,111,81,81,74,94,59,46,81,52,46,137,119,119,35,35,59,59,86,119,128,86,119,122,192,74,119,94,196,206,215,231,247,231,137,111,210,186,158,192,150,111,128,137,192,119,179,158,137,172,172,137,165,158,142,168,179,158,111,119,102,86,158,210,210,165,23,16,119,111,128,172,172,219,210,122,81,66,97,186,165,165,150,158,201,179,142,172,212,158,68,194,196,59,102,128,150,192,215,187,196,247,231,206,254,254,236,158,207,196,165,219,158,219,236,244,119,40,27,37,192,231,210,231,238,219,219,210,94,145,128,94,196,142,179,196,86,150,66,59,102,102,76,73,59,83,66,73,88,119,86,35,94,111,111,131,165,150,128,128,201,236,238,226,105,73,210,234,236,165,86,150,150,186,216,210,157,119,150,201,196,165,113,73,136,172,86,73,94,119,102,94,157,157,216,210,186,142,110,94,52,52,102,102,119,136,94,59,73,94,59,128,110,96,110,81,110,94,192,240,196,160,66,73,136,165,73,167,150,219,201,186,157,196,179,152,119,94,136,201,165,128,150,196,238,142,186,201,219,196,196,192,207,157,187,165,196,236,215,196,243,240,179,216,201,232,206,242,232,142,160,157,219,232,240,243,179,216,232,196,113,66,94,94,110,150,210,201,165,192,172,110,35,19,37,96
32,94,35,27,53,46,74,165,74,9,81,74,35,60,46,35,41,86,60,60,41,60,35,27,66,94,81,102,102,86,86,46,41,23,27,35,23,35,48,10,23,32,158,179,128,142,102,86,94,74,66,102,165,86,86,150,74,52,81,102,52,86,94,111,150,172,119,137,66,81,52,52,41,94,150,102,81,102,158,119,128,137,128,137,186,216,201,249,222,137,128,158,186,105,119,168,142,102,119,142,158,142,102,196,165,187,179,194,179,158,165,172,179,179,142,94,46,131,231,222,128,74,74,150,201,165,86,142,236,231,168,111,111,68,102,179,150,165,192,203,179,196,192,186,142,114,111,145,172,142,145,206,222,206,210,196,219,245,201,225,239,196,244,201,172,219,192,240,244,245,237,142,76,16,46,165,234,231,219,238,206,231,219,136,201,142,142,76,168,142,168,83,59,59,40,66,68,113,81,46,119,102,158,119,179,94,186,172,236,225,179,210,179,128,136,128,215,240,215,86,59,197,206,215,186,179,94,136,210,234,215,186,86,160,215,179,119,110,113,102,110,81,66,119,128,110,131,194,192,201,197,186,128,81,88,86,110,157,136,94,66,59,61,96,139,128,157,119,136,142,110,46,86,225,246,206,152,139,119,165,206,160,206,145,186,110,210,113,59,86,128,86,88,119,172,203,110,175,150,210,142,172,223,187,157,179,186,110,40,179,172,172,201,215,215,210,219,167,236,225,210,196,219,223,186,160,167,210,232,247,243,206,225,253,247,240,234,232,196,192,186,192,215,206,210,196,128,35,52,113,75
27,142,53,53,103,103,119,27,103,32,60,23,60,74,41,19,66,81,19,27,74,66,60,19,32,86,94,142,172,165,165,182,172,102,74,81,119,81,46,23,10,46,74,66,119,165,128,119,74,119,172,142,94,66,74,111,86,81,74,69,119,128,128,158,172,206,150,94,81,81,74,102,102,74,128,102,66,128,201,128,150,46,111,102,179,86,219,245,179,137,128,142,137,102,111,192,165,128,150,150,158,201,94,240,142,158,179,186,186,128,165,165,150,192,192,128,94,168,226,231,111,102,119,210,219,210,111,196,186,242,222,158,136,165,158,175,179,160,219,192,186,220,206,219,158,94,102,111,111,158,206,206,215,225,158,172,247,242,136,68,172,228,225,215,216,206,240,234,248,201,219,179,142,119,128,222,244,206,128,206,196,182,102,201,102,150,119,119,150,150,136,66,52,66,46,35,73,136,142,81,186,128,145,242,158,234,201,228,251,196,196,102,187,158,128,66,194,247,201,128,150,122,215,196,222,179,136,206,186,229,142,157,136,128,194,186,110,81,192,128,81,131,94,102,128,110,142,210,128,165,228,181,119,119,110,131,150,119,102,81,40,86,94,119,160,128,131,128,142,119,102,61,122,219,236,215,167,142,181,196,215,212,181,157,142,94,150,128,40,66,96,81,83,122,136,179,165,136,119,150,196,223,165,145,122,157,150,81,119,94,172,179,215,223,206,172,207,192,220,219,167,119,150,136,210,144,210,234,206,232,192,228,236,248,254,249,244,215,238,219,194,244,186,187,201,194,165,150,150,31,46
60,53,142,46,158,150,119,81,66,53,19,41,53,53,46,53,27,27,53,59,102,46,81,13,10,119,150,150,158,179,179,192,179,165,158,137,196,165,111,81,81,137,172,137,179,186,172,158,128,111,137,165,150,137,158,158,150,137,102,41,158,142,74,111,142,165,111,52,94,150,94,94,86,158,119,94,137,172,128,142,119,94,41,102,86,215,192,243,192,119,128,160,102,74,102,158,196,165,203,196,179,179,179,215,137,102,142,128,81,136,201,172,165,196,225,172,136,196,192,192,196,158,136,194,172,201,182,119,175,225,145,128,172,192,158,119,128,119,136,150,102,81,172,196,128,128,105,136,186,206,201,172,206,215,165,187,238,234,114,46,150,212,192,197,240,222,231,250,246,216,172,192,210,238,236,136,119,172,111,128,158,220,215,119,158,158,196,150,179,215,136,81,73,81,158,179,186,172,186,201,192,219,192,102,86,52,210,165,234,210,181,111,206,215,196,172,222,236,165,222,210,186,215,201,215,131,136,192,172,201,128,172,86,35,110,128,110,94,196,119,175,122,150,131,122,152,165,172,81,150,192,110,110,150,119,102,113,73,52,59,46,94,110,142,86,128,81,136,113,66,94,94,128,179,186,150,128,113,172,186,192,201,172,136,128,119,139,172,110,96,86,83,83,157,196,172,179,150,179,206,194,186,142,157,119,142,52,172,179,113,150,192,172,186,172,157,136,212,201,226,81,23,3,172,152,210,223,203,144,102,110,179,196,201,229,179,165,223,136,210,152,197,172,160,206,157,196,206,175,206,86
119,111,41,81,158,111,111,53,66,46,35,46,32,32,41,32,32,41,74,119,81,32,41,59,13,66,158,119,160,128,111,137,142,172,179,137,142,165,142,142,142,142,179,165,81,158,150,165,158,196,201,192,196,192,179,150,81,59,74,66,94,150,158,158,119,128,94,94,119,158,142,158,137,111,111,114,165,210,210,197,194,111,66,142,186,137,210,219,179,86,94,172,111,66,102,165,179,158,145,225,102,111,102,102,128,102,94,97,88,186,201,179,201,206,219,201,160,192,165,201,231,165,81,88,81,228,128,66,145,201,86,94,165,111,66,74,81,119,150,68,6,32,142,111,150,102,142,119,128,172,179,192,231,225,192,186,186,192,114,119,102,215,186,172,215,243,210,225,231,219,142,142,215,215,179,113,119,165,165,192,243,225,158,86,215,226,186,196,192,172,165,175,201,201,210,222,179,158,192,196,182,145,158,119,32,111,165,165,203,236,142,210,136,215,236,224,179,201,225,194,179,234,225,150,119,186,102,157,165,197,139,81,73,54,83,113,110,152,165,234,152,86,192,179,136,119,201,102,142,136,131,81,46,94,128,81,81,75,61,86,66,61,136,119,86,102,136,46,66,119,110,81,113,165,142,88,110,110,94,94,130,142,110,94,142,165,157,165,192,165,119,119,110,157,223,210,196,210,225,223,165,142,165,150,128,94,73,128,160,167,130,165,144,196,215,144,96,187,215,192,165,46,52,150,186,243,179,179,186,66,96,196,201,179,128,88,102,128,86,136,110,223,210,136,128,220,232,201,179,201,172
111,111,46,119,119,94,150,103,53,41,111,81,60,35,35,32,41,46,66,86,46,46,35,16,59,128,94,86,158,27,111,111,186,137,128,128,131,142,165,165,111,172,59,142,62,142,165,201,196,201,219,210,150,119,128,137,119,111,111,74,142,172,179,196,158,37,81,137,94,111,150,172,150,74,111,94,86,142,196,206,201,220,179,142,210,210,216,231,201,111,94,172,150,102,102,142,142,128,111,150,201,145,66,74,137,128,81,179,94,94,194,206,158,182,179,128,128,158,206,192,172,192,74,59,94,225,119,119,158,222,142,81,94,94,40,52,136,186,220,81,46,27,111,142,165,81,172,172,186,119,136,219,234,219,192,165,172,142,86,158,165,165,225,142,192,222,210,232,255,228,145,142,210,201,150,136,172,215,215,249,226,231,238,201,240,243,231,236,222,242,245,210,219,210,111,86,152,150,158,192,128,81,179,196,10,19,172,186,168,206,229,128,158,165,192,196,187,219,196,111,136,210,228,234,128,136,201,142,212,201,59,136,186,179,119,142,119,86,165,210,142,186,206,196,150,110,165,102,113,59,66,73,81,119,136,94,96,119,94,102,110,83,119,73,181,86,128,35,142,110,73,73,119,165,165,102,122,128,68,35,52,66,66,86,203,206,128,165,229,215,172,142,119,119,179,215,210,215,210,186,157,150,136,110,142,145,81,102,172,196,157,136,165,192,192,128,86,119,210,172,179,119,73,165,219,220,232,220,172,130,186,237,245,225,197,186,179,119,94,81,142,210,241,165,201,237,225,245,136,225,215
60,60,128,111,105,192,119,46,119,53,60,60,74,66,60,35,32,60,46,35,81,102,35,27,119,131,46,86,94,81,66,111,172,131,74,142,186,179,128,111,137,142,46,158,86,165,192,225,172,142,172,186,86,53,111,111,119,150,179,128,186,192,225,192,111,66,137,102,119,102,119,94,111,111,119,128,111,102,46,137,225,192,192,216,225,215,231,225,206,158,137,158,158,150,111,94,119,102,111,206,228,186,150,111,66,102,102,86,94,102,158,150,94,66,81,86,128,192,186,102,150,179,119,52,52,186,172,128,165,206,179,111,128,150,86,66,150,172,165,136,165,86,158,192,196,136,212,220,196,142,142,206,172,145,215,182,150,196,145,179,225,201,225,196,243,225,201,243,239,222,206,196,222,192,186,225,219,225,238,245,249,231,228,215,236,226,215,192,234,219,179,136,122,73,52,46,145,231,210,186,111,52,46,66,40,73,136,165,206,172,225,160,102,194,206,192,179,102,136,136,111,165,225,222,192,192,94,136,215,157,128,110,172,240,165,102,86,73,86,142,234,225,192,215,119,157,59,128,48,52,31,128,175,175,94,81,110,150,105,86,122,142,94,119,172,94,66,165,110,73,66,119,136,186,167,150,136,136,102,52,66,52,96,102,243,234,52,192,234,220,197,110,110,110,110,150,192,219,219,194,165,145,86,83,142,136,83,136,201,223,165,119,172,179,165,130,86,83,187,210,128,86,73,165,215,223,240,237,232,243,243,243,243,234,232,237,223,228,192,150,219,239,225,128,94,242,229,203,223,160,220
53,66,81,103,94,137,128,81,66,41,35,41,81,86,46,32,35,42,27,41,97,66,27,41,119,137,94,102,172,192,94,142,165,150,119,94,86,53,94,94,119,142,172,137,179,165,94,102,102,52,74,142,52,74,94,179,186,186,210,192,192,210,206,179,210,119,128,128,142,119,142,172,214,219,172,192,158,74,66,142,74,102,165,222,179,236,225,240,225,186,172,175,168,172,119,59,66,142,119,186,219,187,186,179,52,66,179,111,111,136,52,46,59,52,74,81,142,172,158,150,142,179,142,27,35,186,172,81,102,210,201,142,160,186,150,102,94,111,158,196,222,225,222,201,222,228,238,215,158,136,179,186,186,175,242,244,206,201,150,187,206,210,175,222,245,238,150,231,243,249,243,228,219,231,225,212,150,172,243,251,255,238,243,196,245,165,206,94,119,210,172,96,23,73,165,231,215,186,215,192,172,86,59,136,32,27,160,210,219,236,172,179,179,172,201,158,187,196,81,59,210,196,224,236,179,157,231,207,186,165,131,102,142,220,179,96,128,136,119,196,241,212,172,157,119,52,52,59,59,88,59,48,139,119,81,86,86,75,102,66,102,157,179,157,86,128,119,186,59,81,81,119,86,150,142,128,157,201,225,172,128,119,142,186,249,210,157,179,210,206,216,119,122,86,94,59,150,247,249,192,165,88,66,59,142,142,104,157,196,215,179,144,186,179,179,165,81,81,172,232,130,119,86,181,210,226,236,242,248,248,245,232,201,203,237,232,234,249,245,229,236,236,226,157,113,225,219,201,206,197,179
74,103,32,119,60,74,111,86,35,46,53,41,60,60,41,66,74,86,102,41,53,74,41,19,86,194,145,150,201,153,122,119,128,150,86,66,86,74,74,128,192,142,114,128,137,86,35,53,102,53,59,74,94,86,142,219,201,165,192,206,192,150,201,158,186,150,179,165,210,210,186,219,243,240,214,206,197,128,128,179,41,142,102,210,150,247,172,248,225,172,165,158,186,179,165,86,66,94,165,150,150,165,219,186,150,86,81,179,86,66,94,128,186,142,128,165,142,150,165,186,186,192,165,86,165,201,150,172,203,242,201,86,150,206,136,128,74,158,236,219,225,239,236,222,231,247,240,210,158,136,186,210,222,231,238,234,192,94,59,186,201,128,139,236,231,172,142,192,179,252,244,216,215,243,222,150,86,40,196,240,187,228,231,206,244,203,242,105,179,165,158,46,33,119,234,238,238,196,192,212,179,73,35,136,46,35,128,222,179,222,206,201,206,201,157,196,215,172,94,81,192,228,201,66,86,110,206,226,187,206,201,83,54,179,210,196,196,172,201,222,196,203,150,59,40,37,66,102,88,81,102,73,66,75,128,145,88,59,94,136,150,172,203,113,110,110,110,88,119,119,86,73,110,136,94,110,196,234,225,167,113,165,196,216,225,157,206,172,142,201,215,160,150,110,73,35,165,255,249,186,142,104,73,73,172,160,160,128,150,194,192,201,206,196,192,223,136,201,215,250,210,201,165,181,206,219,234,243,232,229,219,196,165,150,179,215,240,251,252,245,238,206,210,165,139,142,172,186,203,212,142
81,74,41,81,60,86,60,74,27,66,41,35,27,32,41,66,86,128,158,74,13,53,32,10,53,165,179,172,179,94,111,137,119,165,119,111,179,158,150,172,172,94,74,150,94,74,94,128,165,150,137,137,158,165,172,214,186,119,179,186,137,165,194,142,150,206,219,219,243,238,236,231,242,249,234,203,186,203,222,203,142,187,158,186,150,245,192,238,206,142,201,150,111,142,102,102,52,59,150,192,94,158,210,179,152,215,137,52,94,81,222,228,142,136,142,179,150,158,119,228,158,158,225,243,222,150,231,240,240,238,128,46,165,206,102,136,150,201,239,219,231,231,225,247,244,243,243,201,196,182,150,196,228,238,215,172,158,94,35,131,172,172,222,206,186,206,165,145,222,245,238,172,172,206,179,158,119,46,52,94,111,220,246,228,222,222,229,179,111,119,206,73,54,119,228,251,201,73,119,142,81,102,88,160,142,10,186,192,128,172,150,119,136,201,186,172,165,157,165,119,111,201,197,119,23,94,172,172,172,192,102,157,23,66,210,225,186,179,210,165,150,94,73,81,35,81,52,110,94,119,136,102,102,136,142,142,102,102,165,196,206,179,181,157,150,142,119,131,175,128,94,73,157,136,110,86,119,165,128,94,128,181,196,110,150,119,186,94,94,206,216,136,142,81,81,110,192,242,226,175,122,179,142,94,136,192,210,113,86,175,220,179,210,219,215,219,207,234,236,248,232,206,192,186,224,232,234,224,201,201,157,160,179,157,165,219,244,253,252,236,212,186,128,96,94,61,144,186,142,172,179
86,32,66,35,103,60,41,74,46,53,27,55,35,41,41,46,60,102,119,94,35,23,41,32,32,172,142,119,137,128,128,142,158,172,201,165,172,201,150,111,86,111,111,94,172,194,150,158,172,192,192,158,137,150,137,119,128,102,94,158,179,192,210,214,238,234,240,238,228,228,248,214,234,251,229,172,196,225,240,238,236,225,210,179,196,243,201,192,192,186,172,137,81,111,102,86,142,128,150,128,165,86,128,102,179,210,206,150,69,111,216,238,232,201,215,192,128,192,201,94,165,136,201,245,142,142,150,196,240,179,94,66,102,186,215,206,201,231,215,219,236,222,224,248,243,236,234,192,179,187,142,186,212,231,238,201,102,81,86,122,196,244,240,196,225,251,228,215,238,242,238,196,165,196,210,206,194,76,46,165,219,228,242,225,212,172,187,136,128,212,196,111,59,136,165,94,94,142,94,73,119,139,102,111,66,165,165,88,35,179,81,61,111,73,46,73,142,136,196,192,119,186,119,119,122,46,81,136,128,150,222,102,81,86,192,206,192,179,152,86,110,73,61,86,81,40,46,119,86,96,61,61,194,175,122,139,142,167,172,186,234,197,206,181,165,150,145,96,150,157,110,94,86,81,128,102,73,119,150,142,110,81,110,86,75,105,152,66,102,215,228,128,102,88,128,194,186,142,150,160,157,165,150,94,113,192,196,150,142,94,197,139,203,236,206,219,194,206,238,210,165,119,186,172,215,210,194,179,201,175,150,144,150,157,215,232,246,253,245,236,201,128,27,110,86,139,86,150,73,130,157
103,81,103,81,60,41,41,102,69,53,35,66,74,74,53,55,46,81,81,41,81,32,35,62,27,81,81,111,122,172,142,150,201,196,214,172,74,102,128,119,128,59,165,94,214,86,165,158,137,186,165,128,114,128,111,142,172,158,186,165,192,234,243,231,214,219,245,236,212,214,238,234,214,248,245,231,232,238,244,247,243,242,219,206,210,214,172,86,142,186,119,86,74,111,172,142,128,128,150,142,150,86,119,102,150,179,192,136,111,165,219,242,238,210,215,228,160,222,206,231,228,175,150,245,194,194,196,136,131,158,119,86,136,220,243,238,158,242,226,186,201,206,175,242,210,201,224,172,136,192,179,215,222,210,243,231,122,86,206,186,215,226,219,249,251,254,254,210,210,228,234,220,210,225,232,236,192,119,186,245,243,219,228,219,179,158,192,182,119,142,186,172,102,102,142,94,46,66,119,111,136,128,122,142,81,73,46,66,139,73,119,119,86,73,35,94,196,201,179,179,94,94,172,150,52,81,122,75,136,110,225,238,157,179,222,220,175,113,66,119,54,94,27,152,19,119,59,172,81,23,35,59,102,119,145,150,136,165,197,172,206,196,196,186,186,157,196,119,179,142,113,94,167,136,66,66,128,186,206,157,110,73,73,81,105,102,119,81,136,225,229,179,119,128,157,186,142,88,96,110,165,215,186,113,110,136,144,113,152,104,81,119,181,206,234,215,119,179,236,165,48,59,150,104,136,102,128,150,165,130,150,128,119,179,228,237,245,250,236,224,119,68,31,86,86,150,46,86,94,86,102
74,74,111,86,46,48,74,89,66,86,81,74,66,66,86,66,66,81,53,53,66,74,41,27,29,23,94,165,179,137,192,196,137,158,137,74,62,81,137,165,119,137,102,142,179,66,196,172,158,119,111,86,81,102,119,165,165,165,214,222,225,249,228,222,238,241,231,238,231,242,210,219,228,242,251,251,250,250,243,206,238,231,219,220,158,137,142,128,119,137,81,81,94,128,201,192,137,89,119,142,137,128,128,94,102,94,158,158,145,158,201,232,219,179,172,225,219,172,206,142,192,186,215,245,196,86,102,46,59,136,66,74,119,179,231,196,111,210,222,210,59,196,210,201,219,192,142,88,142,158,186,225,212,192,232,240,179,142,225,196,222,182,179,236,225,245,248,172,119,142,201,225,240,239,196,196,206,186,238,247,222,206,196,224,192,210,222,231,175,186,222,186,102,73,81,73,83,86,119,168,165,179,86,66,119,66,94,111,111,165,142,136,186,192,96,81,157,203,186,172,160,142,128,105,179,46,94,86,145,119,242,228,238,207,196,165,142,142,110,81,33,52,59,110,73,66,83,110,52,86,52,73,66,165,172,102,136,196,165,128,186,222,142,194,201,113,179,196,172,128,66,59,172,110,81,128,142,186,128,145,102,86,52,157,187,86,136,136,165,229,219,186,175,165,136,104,94,94,81,46,110,244,238,179,157,119,113,96,150,128,66,150,194,215,232,196,175,219,240,160,52,66,102,83,94,81,136,157,119,150,119,142,157,186,210,223,219,232,210,150,54,81,52,75,150,165,122,110,128,110,94
74,114,74,60,103,66,32,53,74,74,74,60,60,60,66,97,66,74,53,35,41,60,66,27,41,74,119,179,186,137,150,119,46,81,81,86,137,137,137,165,150,179,119,165,66,214,137,165,94,137,111,94,158,196,179,201,228,219,234,243,234,219,231,231,222,219,214,222,222,182,228,240,201,234,236,244,242,240,228,206,238,222,214,182,214,158,158,102,74,94,102,119,196,165,119,128,119,81,119,142,102,119,158,142,137,111,142,158,119,142,219,242,215,201,215,201,192,192,142,136,219,225,231,222,231,222,158,136,86,111,94,102,136,128,172,182,165,225,196,210,206,242,234,206,219,219,192,206,228,187,203,192,165,219,228,206,231,119,210,142,219,192,172,192,150,225,175,119,59,128,192,215,219,201,158,172,206,142,201,228,222,175,201,238,210,225,228,252,244,242,222,158,102,86,81,86,145,142,152,186,172,150,66,46,119,102,86,119,196,234,228,228,232,220,165,128,136,215,225,201,225,145,88,165,145,81,94,136,73,142,201,238,219,165,160,150,73,110,119,19,46,52,27,40,94,102,10,94,59,94,46,81,157,157,88,81,142,157,152,192,207,165,136,136,219,197,94,172,160,172,86,150,66,122,75,122,94,81,94,119,142,94,122,238,206,167,52,186,172,215,186,201,229,136,81,130,102,81,94,75,128,242,253,242,232,145,110,122,128,142,139,136,172,219,228,201,219,241,242,232,219,181,220,210,192,186,157,179,192,165,122,122,165,167,179,160,128,165,165,128,110,86,46,139,215,210,210,172,119,102,104
53,60,41,27,86,41,19,41,53,27,53,74,86,81,27,66,76,60,41,41,60,41,60,74,74,128,165,102,102,94,46,81,102,102,150,165,150,160,137,137,158,150,172,137,102,192,119,158,158,158,165,210,192,231,242,219,214,214,225,234,228,236,165,219,186,210,187,222,228,234,201,210,201,219,212,231,231,192,242,248,222,228,201,165,238,158,86,102,111,119,94,59,137,128,137,119,97,102,102,150,142,152,128,142,165,119,111,119,128,131,179,240,248,234,203,179,172,206,192,165,219,228,225,196,215,250,231,201,165,139,150,165,196,219,206,215,234,234,196,210,225,231,238,192,201,249,231,201,102,206,225,142,192,248,242,186,172,206,237,150,111,201,201,136,206,224,122,142,119,128,158,179,165,179,215,194,142,136,179,215,231,175,206,186,207,186,238,245,251,243,201,201,152,119,94,94,172,192,186,187,150,128,73,27,59,111,128,128,196,248,236,206,192,158,175,206,212,179,206,242,225,179,119,157,131,119,86,110,157,206,210,203,165,157,150,94,66,40,35,61,110,40,73,128,150,102,19,46,81,83,119,157,81,165,128,75,136,128,110,73,119,219,157,136,186,142,179,94,136,192,150,102,139,113,40,66,94,52,59,94,136,157,196,240,210,128,136,165,179,226,167,210,88,96,136,136,66,40,110,128,226,236,255,245,223,179,110,110,157,136,88,81,165,226,228,179,196,220,223,242,245,234,244,245,226,225,142,196,201,172,165,136,142,142,128,128,113,144,144,150,165,86,73,210,238,225,226,203,128,102,130
35,27,74,32,27,66,25,41,32,35,66,66,60,102,53,41,102,74,46,66,94,142,53,94,66,128,172,94,86,59,94,150,201,179,158,175,179,186,172,137,137,142,153,150,137,172,210,207,226,219,214,238,222,225,248,236,206,214,214,214,203,228,228,222,186,212,172,234,128,225,210,179,222,225,210,179,192,219,224,201,192,172,196,192,111,150,150,158,111,119,46,35,119,222,165,140,102,94,128,137,150,142,86,137,128,74,81,165,150,119,158,231,253,201,206,212,142,215,238,196,201,228,238,179,196,249,244,201,222,225,165,172,228,234,225,215,225,192,114,192,234,228,234,196,222,248,206,206,239,179,219,131,81,225,244,158,150,238,225,210,128,131,192,206,210,201,150,119,86,158,145,165,201,215,224,192,192,192,192,186,215,210,94,172,165,136,206,150,245,236,203,219,210,192,197,172,192,219,225,216,165,142,142,31,102,142,119,136,157,244,243,179,128,73,86,192,228,196,152,201,228,234,157,128,94,105,94,192,196,165,165,136,142,196,192,102,119,59,94,128,150,83,59,110,102,86,52,37,46,52,88,128,110,73,110,102,66,110,94,94,86,136,175,150,192,165,110,172,186,157,196,157,136,160,128,86,96,68,73,73,145,238,210,136,130,165,152,186,215,226,179,142,142,119,136,152,104,66,119,179,219,215,249,206,172,139,94,136,136,119,46,81,136,210,225,192,172,142,136,206,220,220,237,229,225,207,186,179,216,192,206,179,142,181,150,113,110,128,122,119,136,136,102,236,249,225,225,201,102,113,186
81,19,94,41,86,74,41,27,46,66,35,60,46,53,102,32,32,86,74,86,53,150,150,102,59,172,158,212,158,179,168,150,186,172,128,165,187,196,192,137,119,111,165,201,192,210,233,233,231,233,224,219,231,238,243,240,214,214,201,186,179,203,201,225,214,186,210,234,142,243,242,192,187,222,192,158,201,201,158,158,137,128,186,102,128,206,94,172,86,165,46,86,102,119,158,140,137,94,137,172,81,81,137,119,74,128,66,215,179,137,172,222,242,225,210,210,206,206,219,192,219,245,249,119,196,172,179,201,206,206,196,186,192,192,192,179,192,158,145,142,172,165,150,172,165,206,142,111,196,158,86,81,74,158,192,142,179,231,192,203,225,196,179,222,196,219,165,142,201,228,206,172,186,186,206,215,186,207,186,145,186,206,160,119,119,145,111,186,234,240,206,192,243,248,234,215,192,215,222,219,192,158,181,46,172,102,172,158,192,251,248,206,119,142,179,150,152,186,119,119,206,244,192,142,96,150,150,210,136,128,102,110,96,192,192,119,73,86,157,119,136,52,46,88,110,86,73,75,40,40,105,73,128,110,94,136,81,102,110,40,81,128,172,150,102,157,142,175,172,139,150,110,165,145,130,150,110,46,46,142,186,224,160,81,73,165,219,210,186,210,194,165,122,128,94,165,150,83,86,167,150,186,196,181,142,54,94,81,142,122,73,110,68,196,225,223,165,52,68,94,206,244,232,167,186,160,201,179,232,234,186,206,172,192,181,122,52,66,122,136,157,186,142,237,232,245,187,128,119,152,215
74,86,46,94,86,32,94,35,102,27,94,102,81,23,35,81,46,53,46,128,59,142,86,53,137,158,186,222,210,206,165,128,150,179,172,111,158,196,137,150,128,172,210,225,214,225,222,219,219,222,236,196,222,245,236,222,214,210,192,192,175,192,192,225,214,206,231,210,186,206,219,150,158,179,142,158,182,186,137,86,128,158,94,114,137,158,152,165,145,81,52,81,111,142,165,102,81,158,172,66,94,128,158,119,142,74,136,179,236,122,94,238,253,250,234,244,247,88,32,228,247,236,197,136,196,46,74,228,86,102,206,206,158,158,168,158,179,186,142,179,215,196,165,111,128,231,142,142,172,128,32,66,150,160,179,145,136,206,179,186,222,228,192,210,231,196,66,186,251,238,175,128,136,215,215,145,111,150,165,158,206,165,152,119,111,179,192,231,231,231,206,234,252,254,242,201,186,172,172,181,165,119,81,111,111,136,179,172,201,245,228,236,192,150,187,142,111,157,165,201,210,219,222,150,219,172,150,157,94,142,102,119,142,136,110,48,102,110,86,142,59,54,52,59,142,52,94,86,54,52,102,157,102,66,66,94,86,75,102,102,102,110,66,128,201,201,83,136,128,136,136,196,210,172,128,119,128,122,73,73,192,192,139,94,73,136,66,196,179,179,128,122,142,128,181,136,110,102,110,104,128,110,186,192,152,86,52,102,136,86,110,119,86,165,203,206,181,52,31,75,238,252,152,157,86,186,150,224,187,228,136,196,167,119,157,110,35,46,144,150,139,160,119,181,157,245,157,94,150,215,215
81,74,74,74,103,32,74,102,27,102,105,94,66,60,46,16,13,35,35,102,74,86,74,128,119,94,192,196,210,111,137,158,165,150,131,119,179,225,179,172,201,231,206,201,236,206,210,210,222,214,219,214,206,225,231,222,210,186,206,196,196,214,231,214,228,236,201,196,165,158,150,192,172,137,142,131,128,105,81,81,179,196,179,172,165,137,150,165,160,128,111,32,102,142,158,142,137,137,137,102,122,150,119,158,102,206,210,238,196,150,206,253,254,254,253,236,210,94,111,192,201,241,210,219,119,165,145,119,222,150,231,192,139,186,201,172,225,225,150,228,194,136,179,122,196,226,187,206,165,186,150,128,158,150,165,158,136,224,242,228,160,187,215,175,158,179,46,187,243,219,150,128,165,196,186,179,142,128,158,186,165,136,192,165,102,207,234,231,234,225,228,240,245,253,253,203,152,113,119,131,73,52,46,105,128,186,158,142,150,128,165,238,231,145,119,111,73,131,215,228,172,172,240,215,172,119,150,142,136,119,157,119,128,73,52,81,73,73,42,94,86,110,86,66,122,119,31,54,88,142,172,61,66,46,46,59,81,102,52,110,61,73,83,197,203,179,128,131,150,128,113,157,201,157,157,172,167,167,175,42,157,206,136,96,46,136,139,130,197,179,119,152,186,179,150,142,128,110,73,81,136,136,172,194,142,102,83,136,196,128,86,81,86,119,225,223,157,94,66,102,181,201,128,142,119,181,157,210,73,157,157,157,110,83,139,119,104,86,128,157,128,102,81,119,179,201,172,130,167,215,223
94,46,23,81,158,41,35,60,142,69,94,86,86,66,46,41,35,27,41,102,102,111,102,119,158,94,179,192,196,142,81,142,145,128,150,225,214,206,219,214,233,187,242,206,242,192,222,214,214,219,165,219,206,196,225,222,201,214,219,210,225,225,234,220,232,220,150,172,179,175,128,186,165,137,150,111,119,142,140,165,194,150,201,142,165,142,172,150,137,142,94,52,66,119,150,150,102,81,74,128,137,142,137,196,196,222,228,201,192,172,172,222,251,253,251,222,158,201,206,142,186,225,225,228,136,136,158,238,253,172,210,179,192,240,240,228,165,172,172,192,119,86,142,210,172,192,128,210,201,242,222,102,96,192,201,192,197,236,253,86,152,228,111,66,128,142,27,179,248,247,201,172,165,187,234,238,215,142,142,210,175,150,150,150,175,210,225,219,234,206,201,225,228,243,251,231,158,81,94,128,54,59,73,73,158,179,136,136,111,52,86,192,231,215,136,111,94,113,165,150,119,206,251,215,142,168,139,157,119,150,160,150,128,110,86,81,23,31,66,46,119,136,102,119,73,27,52,94,157,102,150,110,94,66,40,46,59,119,145,81,59,157,142,215,225,165,94,157,157,128,192,181,186,201,201,196,186,186,172,157,165,157,150,83,136,102,160,110,194,196,142,102,110,172,172,157,110,110,110,142,136,186,128,119,150,150,110,150,186,152,94,94,75,119,226,229,167,165,165,187,192,136,130,142,187,157,136,94,81,128,142,88,59,86,179,194,160,136,110,206,197,179,187,150,179,160,165,172,179,206,224
66,60,81,102,94,119,128,74,41,41,76,60,35,46,60,66,76,60,111,150,137,228,119,81,94,119,142,179,192,94,86,158,214,206,228,231,224,165,210,231,219,210,192,231,172,231,196,196,225,236,222,222,222,225,210,214,228,233,234,238,214,214,222,212,158,210,158,186,158,158,119,119,128,128,128,150,158,165,165,165,168,172,142,119,119,142,94,137,142,86,74,52,52,128,165,142,128,111,142,150,137,219,222,201,222,206,231,222,206,215,234,231,234,231,238,215,165,186,219,165,102,201,215,186,231,243,238,251,242,201,192,222,201,236,255,224,66,81,136,81,150,150,102,192,150,158,76,201,225,252,222,102,119,186,196,168,192,201,231,102,192,172,128,94,186,19,83,186,236,240,210,179,192,165,228,242,179,165,150,152,179,142,81,111,81,136,179,172,158,222,201,172,225,243,238,236,210,128,172,136,73,86,86,23,119,215,158,111,158,86,73,150,215,242,222,179,102,96,145,142,179,236,231,186,172,165,119,142,150,172,157,160,136,128,94,52,27,23,86,52,86,136,110,73,81,33,66,96,150,73,94,59,102,96,59,86,110,139,142,83,73,110,94,234,160,179,186,179,136,186,136,152,196,226,157,136,234,242,172,128,179,172,165,94,194,113,110,165,215,94,128,104,110,150,192,142,110,157,172,157,179,157,186,94,157,128,150,157,142,139,142,94,35,52,179,219,186,167,172,165,152,102,66,102,186,172,181,157,110,142,110,40,59,136,210,241,215,165,119,179,219,216,220,179,165,167,142,186,206,201,142
111,46,81,86,60,128,102,86,128,66,60,86,94,137,165,119,150,186,192,186,214,165,111,142,128,172,128,172,201,142,137,236,244,233,222,225,219,212,192,210,210,238,165,229,172,242,192,179,225,240,238,236,225,231,231,225,233,214,214,219,186,201,186,94,201,179,172,142,102,128,94,142,94,165,119,179,192,128,137,142,172,172,105,119,74,102,42,119,142,142,102,59,35,111,158,122,137,137,111,179,186,234,234,150,111,225,244,239,201,228,240,203,175,158,150,142,165,219,225,225,219,201,203,186,219,247,225,179,207,219,186,186,206,238,245,210,114,66,172,222,192,172,119,172,186,142,105,81,234,222,158,192,150,150,150,119,172,196,201,119,94,136,192,150,128,94,142,142,192,152,145,122,119,179,102,102,234,210,128,40,128,46,42,42,40,46,40,83,150,179,225,158,196,236,228,225,192,179,186,186,68,172,32,59,196,192,172,136,186,102,105,194,212,242,238,175,139,186,206,203,206,206,128,110,142,136,150,150,165,201,172,136,94,86,73,48,52,73,94,59,35,46,88,128,94,66,66,102,136,73,52,88,66,81,66,113,152,86,66,119,59,73,145,215,196,175,142,128,136,206,136,119,179,179,165,220,244,222,165,196,142,206,157,192,187,59,105,212,206,197,167,225,226,196,201,192,186,172,165,223,119,150,206,119,165,196,210,157,152,179,144,128,86,150,167,167,157,110,186,212,86,59,66,142,192,194,144,139,142,119,110,86,142,219,196,167,181,181,88,48,81,139,119,136,186,175,157,179,157,144,73
86,103,60,74,94,119,137,102,60,142,145,172,201,210,172,137,150,186,165,137,119,142,53,186,158,102,158,158,111,192,214,206,236,238,186,196,214,201,210,222,206,201,219,196,228,192,186,197,219,222,231,222,231,241,249,222,206,206,128,196,196,165,179,186,137,150,111,74,128,102,102,179,165,158,150,172,201,94,81,165,153,94,128,66,59,74,74,59,145,140,119,66,52,74,128,137,172,172,119,206,201,206,179,119,111,192,242,240,236,231,234,165,66,66,86,86,150,236,247,234,215,215,168,222,216,210,158,172,186,158,142,201,234,243,243,222,150,142,228,234,220,215,158,165,150,172,172,206,222,142,172,210,172,94,122,201,179,142,165,119,66,158,207,165,86,219,145,150,168,102,94,136,175,179,119,128,234,222,119,46,88,113,81,66,128,32,81,128,215,219,160,142,142,234,243,237,222,142,142,168,142,27,136,48,165,192,215,181,186,142,172,201,165,181,225,212,225,186,186,196,157,186,119,128,119,119,172,168,142,181,165,110,46,46,96,61,102,128,122,35,19,81,196,179,86,96,119,157,119,46,73,150,110,88,73,66,113,136,110,102,81,105,119,186,215,128,35,81,142,165,150,113,128,196,196,237,242,228,207,142,196,210,167,210,165,157,206,219,232,225,210,165,201,228,206,206,196,157,94,197,165,157,110,192,73,196,119,192,110,128,86,110,136,102,150,94,88,150,165,201,94,81,73,122,197,201,160,192,196,150,152,157,172,196,142,94,172,172,94,40,66,150,52,119,157,136,157,130,73,110,128
81,111,142,111,179,81,103,165,137,172,179,196,172,165,172,128,186,128,102,165,81,165,192,137,102,137,137,74,150,158,175,201,214,210,150,179,206,225,210,219,165,222,236,201,179,206,210,222,196,228,238,214,222,214,201,186,165,196,165,165,150,150,111,158,94,94,137,131,158,150,179,201,137,172,186,145,94,128,111,137,102,66,94,46,94,86,119,74,128,74,111,111,86,59,119,186,186,210,186,142,210,186,165,165,122,225,243,236,243,215,234,186,66,119,119,59,131,234,231,201,220,238,206,179,192,215,165,128,158,111,158,222,225,236,245,226,136,165,201,219,210,150,128,86,114,172,94,119,196,136,175,172,165,196,172,142,165,136,150,196,201,172,152,150,150,206,128,165,150,136,102,165,179,206,172,152,196,215,158,81,46,86,52,35,113,73,158,172,225,225,142,136,172,228,254,248,206,158,142,102,192,128,73,158,150,203,215,172,136,94,179,219,201,172,222,238,128,96,94,142,119,102,179,165,86,68,119,142,113,136,105,27,31,40,96,105,102,150,142,81,81,119,196,179,128,136,165,136,86,59,94,186,165,75,73,75,81,128,110,81,81,110,102,172,215,165,29,24,110,165,150,142,119,196,210,206,229,231,234,225,224,206,222,228,216,172,232,165,225,196,192,228,219,196,219,157,128,165,206,157,104,157,96,102,136,136,186,110,142,157,81,61,110,150,130,119,102,172,172,186,150,81,96,110,219,192,136,128,66,68,119,142,224,234,201,130,179,175,119,119,110,150,192,157,83,157,48,122,59,61,150
158,168,150,196,137,150,179,142,165,165,165,128,119,86,192,128,35,86,86,86,128,32,172,74,142,119,102,192,66,186,187,172,172,187,210,179,179,222,201,233,119,206,186,137,210,214,229,249,247,212,172,179,158,142,142,196,179,128,142,137,86,128,111,114,119,158,158,172,179,179,158,214,137,111,137,94,86,165,158,94,94,59,48,59,142,111,158,128,119,86,74,86,66,94,158,214,206,172,152,172,210,231,179,201,196,196,242,247,228,228,219,179,150,88,59,40,119,210,172,128,192,201,215,182,212,201,222,119,201,111,145,179,210,222,236,231,172,150,196,179,210,216,81,83,158,175,94,150,158,150,139,186,158,128,158,119,81,158,225,206,102,94,175,111,165,158,158,179,128,122,142,142,179,206,165,119,165,196,179,150,94,46,46,73,111,96,150,206,206,165,111,152,210,240,236,239,236,179,142,179,158,158,179,145,86,119,111,94,206,197,238,244,212,150,136,196,128,23,46,179,150,136,136,150,73,102,59,110,119,86,31,24,54,59,40,86,81,128,165,179,136,75,150,157,172,136,136,46,52,59,86,128,110,66,81,102,136,105,105,81,81,86,119,192,215,194,83,23,142,201,150,136,142,150,192,197,201,236,250,248,203,222,238,234,229,212,203,201,179,228,172,172,194,157,167,181,157,196,165,150,128,167,144,86,136,102,136,142,142,119,46,54,167,139,102,119,119,113,128,142,196,110,150,179,210,172,102,104,46,54,94,172,250,237,210,181,157,150,86,81,160,179,96,172,75,139,73,119,59,102,59
137,172,81,119,103,192,74,102,94,128,119,94,137,94,27,81,86,111,137,137,111,179,46,179,111,111,179,128,214,102,179,179,137,172,214,222,226,245,214,206,219,179,203,128,158,192,231,214,119,140,128,150,137,165,197,158,158,150,142,81,52,142,150,128,142,119,137,111,111,192,142,128,102,81,94,111,102,119,142,81,74,74,59,83,94,102,142,137,142,94,46,94,111,158,196,222,210,128,172,231,225,231,224,225,192,206,244,243,216,243,236,201,158,59,19,24,102,210,128,86,142,168,192,206,210,215,228,165,186,119,158,142,128,228,210,240,197,59,192,219,192,222,111,94,128,111,128,128,182,158,74,150,187,150,94,55,94,172,219,179,152,119,168,196,172,142,206,179,179,212,165,150,136,62,52,128,222,231,219,215,172,73,128,192,119,86,150,215,192,158,172,186,210,222,219,228,201,150,172,179,160,215,225,192,179,81,86,102,215,244,244,232,128,68,119,165,35,9,142,228,192,206,86,196,139,128,110,150,110,73,46,52,35,27,35,46,52,86,75,136,179,110,179,142,150,54,110,52,46,66,81,35,59,110,81,73,110,105,66,110,150,73,145,201,201,172,179,40,179,219,181,142,145,110,128,179,172,238,251,236,192,210,206,215,192,206,181,157,186,215,186,136,165,197,175,175,165,110,157,179,175,157,165,139,102,122,94,142,104,94,104,73,73,136,142,128,86,110,136,102,157,234,157,157,210,215,66,35,165,88,86,179,196,223,203,186,110,83,128,94,59,128,94,94,73,104,119,86,59,86,86
94,128,119,86,103,103,35,102,145,94,97,137,94,86,179,153,111,111,94,137,142,111,35,214,53,172,86,111,172,210,210,150,102,210,243,214,222,219,214,201,219,196,158,201,158,186,86,172,172,128,165,172,137,168,186,131,158,192,128,137,128,150,201,179,150,186,94,111,140,158,137,66,102,150,102,59,142,81,81,150,74,86,97,111,97,128,137,137,137,119,102,150,172,186,207,214,210,206,206,228,234,222,222,242,222,234,242,234,240,244,238,215,119,74,35,40,81,172,210,142,105,165,228,196,231,222,139,136,158,128,201,66,111,179,210,224,175,62,150,206,196,225,139,102,142,192,172,66,248,186,119,179,192,158,158,94,136,172,119,206,172,111,240,222,66,182,158,201,206,201,165,186,165,158,128,94,179,231,220,201,225,231,234,228,179,158,201,192,160,179,219,210,197,196,192,196,196,168,192,158,128,196,238,243,215,122,94,111,128,228,247,197,172,142,128,165,102,13,128,234,219,172,150,215,201,142,157,160,102,86,73,96,52,27,33,31,66,52,66,136,165,157,179,152,46,81,122,52,40,59,83,54,102,142,83,81,102,119,59,186,165,122,150,201,165,219,192,73,102,222,212,119,122,128,119,145,165,222,238,239,196,186,186,142,150,167,165,172,179,175,157,142,145,165,192,192,179,150,150,167,215,172,142,150,94,48,59,94,128,139,102,59,52,136,110,59,94,165,201,197,172,157,110,136,157,102,119,139,165,165,122,119,142,136,201,150,96,86,139,119,88,86,73,136,110,86,110,136,83,52,165
81,103,150,103,137,137,137,142,94,81,86,137,142,137,128,128,137,111,94,192,142,179,186,165,137,94,142,142,172,142,172,165,150,201,225,224,196,225,158,192,137,186,114,150,119,179,142,196,142,119,158,158,158,102,102,172,206,165,165,153,197,192,165,179,172,119,111,102,94,102,137,102,89,81,81,94,102,128,74,94,76,81,74,111,128,137,150,94,137,172,201,192,165,186,214,210,238,210,201,236,228,224,206,248,245,203,238,242,238,242,236,229,142,52,94,97,66,158,243,236,186,186,236,210,222,192,186,128,201,186,158,136,150,179,210,196,172,158,128,136,175,201,150,111,186,179,150,206,234,236,179,186,196,210,215,196,142,158,201,192,94,186,250,158,111,128,150,248,210,206,152,196,179,210,142,179,210,201,192,172,219,201,234,225,247,192,192,128,206,165,192,212,196,179,158,207,196,136,196,179,86,86,165,206,210,158,66,54,131,232,234,172,157,142,111,76,86,81,113,215,222,186,145,157,136,81,136,165,142,73,54,128,110,59,40,27,31,61,66,119,142,157,110,81,110,94,35,40,31,40,48,128,165,94,86,131,94,86,172,172,179,215,179,119,139,238,201,83,59,210,165,119,94,150,150,157,206,150,206,222,220,196,172,160,86,186,105,203,128,119,119,104,104,142,186,179,150,172,172,86,157,128,94,142,175,102,94,94,128,110,104,73,110,110,94,94,136,136,119,167,186,152,110,128,73,31,128,142,136,142,136,94,75,136,142,142,104,119,81,110,119,81,136,181,150,139,119,81,128,94,160
86,74,142,158,179,192,158,137,142,165,94,81,142,142,102,111,137,158,102,94,137,158,128,137,142,66,128,179,201,158,150,197,172,186,222,214,172,192,158,119,186,137,142,102,196,210,172,137,165,207,105,128,165,119,128,179,192,206,196,172,214,128,111,81,59,111,46,35,158,172,94,74,55,86,48,23,32,55,102,86,27,102,27,201,165,168,59,172,172,128,158,111,150,165,192,201,231,206,172,206,238,241,228,244,251,210,242,243,225,253,251,243,210,81,94,94,66,150,240,252,234,186,222,225,172,179,203,172,201,215,179,210,201,150,172,172,152,194,172,136,142,158,165,128,228,179,207,196,215,206,179,172,215,201,186,160,119,150,196,187,158,172,206,165,172,142,136,186,179,186,142,119,128,66,142,210,194,172,206,196,186,231,231,243,240,73,142,196,111,139,94,231,203,175,219,196,150,136,172,158,52,61,73,94,231,119,157,102,142,179,181,136,119,136,94,86,142,81,94,157,142,172,186,119,94,73,102,128,128,119,81,35,86,119,102,75,40,81,96,113,110,94,59,59,139,94,35,31,27,27,52,128,136,102,136,142,102,150,181,150,179,194,192,110,179,215,152,59,83,179,172,160,136,142,179,181,206,165,192,215,240,186,139,142,88,142,110,145,86,102,94,59,75,130,102,113,128,128,122,157,128,86,110,144,150,94,128,110,122,110,136,144,73,83,110,110,75,110,119,179,179,150,130,102,94,102,46,86,157,128,66,68,52,73,136,157,142,119,136,130,128,119,73,119,186,142,136,119,73,128,142
111,74,111,128,142,165,119,142,142,150,142,81,111,86,74,119,128,111,94,83,81,172,142,59,102,74,81,150,186,210,196,196,165,119,196,196,128,150,119,111,172,150,142,137,172,172,102,142,119,83,128,142,165,192,179,182,179,179,128,119,105,158,192,81,192,128,41,102,150,74,94,81,74,102,94,19,74,59,86,102,66,182,137,172,119,86,35,165,111,74,27,81,119,128,186,225,214,234,206,206,238,240,242,250,244,238,240,245,243,253,254,253,225,86,40,66,74,142,201,236,158,139,201,220,165,81,158,165,94,196,182,152,172,150,142,158,128,136,201,201,128,119,179,158,192,196,215,225,186,142,194,150,231,238,219,158,122,165,194,165,196,192,142,215,150,179,186,225,111,128,150,59,119,186,142,186,210,192,172,172,139,66,172,234,94,179,165,111,219,27,215,222,150,179,192,196,136,119,158,111,111,172,111,179,113,239,231,157,136,111,119,136,105,96,94,119,119,75,73,139,128,212,186,66,157,73,110,110,73,40,102,94,88,94,96,59,23,119,102,73,66,52,83,35,27,61,102,86,81,88,75,94,165,172,128,165,186,136,142,157,165,150,206,206,192,172,160,94,81,179,210,172,165,136,179,196,167,201,201,222,222,172,136,73,128,86,150,94,128,94,86,86,73,86,110,152,175,102,179,172,142,54,150,119,160,110,104,142,142,119,122,73,110,160,96,59,113,160,130,172,73,142,130,86,48,102,86,110,136,54,20,75,94,128,113,150,186,142,136,122,81,88,110,130,175,136,119,136,52,66,144
140,103,53,81,142,111,128,119,150,94,137,145,81,74,102,137,94,74,137,137,128,111,89,66,86,81,94,179,142,142,165,179,158,94,128,165,111,142,142,172,172,206,111,102,102,128,172,128,94,172,201,186,150,158,142,128,158,150,94,66,119,128,81,94,158,102,111,52,46,111,74,46,46,59,111,74,23,142,172,225,196,111,158,86,32,23,5,52,86,27,27,66,119,179,192,214,231,222,192,216,242,228,236,234,255,238,247,252,252,251,254,253,222,66,27,52,74,94,136,119,52,119,165,234,119,86,94,145,59,142,119,119,158,142,111,128,94,86,210,234,150,119,158,165,206,158,234,238,175,152,179,192,231,242,240,192,128,128,136,158,206,136,179,231,145,128,119,136,150,128,158,81,136,192,165,206,181,165,186,196,215,158,66,196,139,150,102,196,158,136,165,212,186,196,228,136,102,142,186,192,206,186,231,40,187,238,192,192,59,192,111,128,152,113,128,94,131,142,94,128,142,150,192,139,136,66,81,113,66,52,102,128,73,46,40,40,66,83,102,152,68,81,86,59,59,46,128,186,119,157,136,119,172,157,110,150,165,136,167,186,136,172,172,179,167,150,197,142,66,157,236,196,122,157,150,119,139,186,196,165,186,128,94,59,102,142,142,119,136,102,150,119,52,94,165,179,165,142,219,150,167,68,179,128,157,172,110,144,157,81,142,122,110,119,59,73,150,157,102,104,48,81,119,54,40,59,81,119,46,66,61,136,122,130,142,165,192,157,152,113,128,81,152,102,196,110,46,40,59,122,110
81,111,60,158,128,119,137,102,179,137,94,165,128,128,172,119,137,111,119,150,158,111,111,142,94,89,111,137,111,150,150,165,186,137,81,119,179,137,150,150,186,150,59,81,81,111,150,192,210,186,142,142,128,81,128,137,128,137,119,69,46,111,111,137,102,97,119,102,119,111,94,52,52,81,102,128,111,137,207,210,119,119,142,66,46,59,35,48,27,97,94,52,111,206,179,165,222,206,219,192,234,240,222,222,210,254,225,249,253,254,253,252,215,102,86,83,35,40,97,35,81,81,150,225,86,94,59,128,81,81,128,150,128,102,94,74,66,136,222,212,142,111,172,172,206,142,228,240,210,182,165,215,242,248,236,186,111,81,136,136,179,150,172,206,165,111,119,119,150,172,142,119,128,219,165,19,46,179,219,196,160,128,105,142,186,139,113,165,165,186,136,201,215,215,186,94,94,139,172,192,165,86,119,219,165,210,145,210,219,179,102,228,203,145,102,128,186,222,196,111,128,110,192,160,52,54,83,102,52,73,94,96,52,35,31,27,46,86,186,136,46,122,110,94,46,59,139,201,172,142,152,102,122,145,102,119,165,186,192,186,186,165,136,172,215,128,128,157,142,157,207,165,81,122,110,52,94,167,150,136,136,66,119,81,59,192,192,110,104,130,152,119,81,86,122,94,142,167,179,210,157,102,139,150,196,128,144,128,150,139,175,110,102,110,102,59,66,110,96,35,128,81,40,81,31,59,52,128,142,142,66,119,136,196,219,215,165,128,110,59,160,130,102,59,175,59,186,46,46,102,94
66,66,81,158,86,150,119,94,102,172,128,128,137,128,137,102,158,128,86,179,142,137,158,142,111,119,172,150,111,172,142,150,201,179,111,81,158,111,105,150,102,74,86,86,102,158,219,206,192,179,142,114,111,119,128,111,119,86,86,46,102,172,102,102,111,89,158,94,66,41,74,74,59,137,192,192,172,128,172,111,52,102,192,172,94,32,52,111,83,111,35,23,52,175,210,182,206,219,201,222,206,240,240,219,250,219,248,222,252,253,253,253,226,150,111,66,66,74,59,119,68,66,215,236,142,52,136,136,81,136,142,102,102,102,66,66,66,136,215,150,94,102,172,142,240,142,215,215,192,158,172,234,249,246,222,142,81,35,76,119,207,179,179,192,172,142,81,81,196,179,131,119,102,142,172,59,81,136,128,215,194,86,136,206,219,201,150,158,150,119,165,187,192,158,186,192,136,94,136,136,66,128,136,142,172,197,102,216,207,186,196,234,186,128,94,59,165,234,186,111,142,179,94,66,128,102,96,86,42,94,40,94,27,23,40,40,59,113,186,128,86,94,96,66,52,81,142,172,150,172,110,136,165,136,119,150,186,194,243,196,228,136,206,128,196,136,201,201,210,119,110,172,142,150,152,66,96,215,179,119,150,73,157,83,35,122,172,136,83,94,130,150,119,52,66,104,142,152,165,210,160,104,128,136,119,136,157,94,136,179,119,110,119,94,66,37,35,86,66,66,104,86,52,110,19,46,66,172,152,119,73,81,122,228,239,220,175,94,110,83,142,81,110,52,119,102,110,122,35,35,102
131,81,86,142,137,142,94,105,111,137,150,111,94,128,102,94,137,119,128,142,102,114,158,137,142,172,172,172,111,111,150,172,214,186,86,86,137,119,119,102,59,172,142,150,137,172,128,158,187,142,128,119,111,102,102,59,83,119,119,41,160,158,102,119,128,137,119,59,19,111,192,165,172,201,165,158,142,119,102,158,81,102,150,122,150,111,59,94,111,102,102,89,81,182,236,234,194,225,220,192,225,236,234,219,228,236,222,236,251,253,254,245,231,160,81,59,74,94,66,52,66,158,222,247,172,136,59,158,81,119,111,74,94,81,76,83,88,111,206,179,111,111,150,150,251,192,192,201,194,81,158,219,247,238,196,66,40,46,74,139,210,201,165,201,179,181,94,35,172,194,136,119,94,59,128,158,81,62,96,225,210,66,136,240,244,215,142,172,165,128,142,201,210,186,119,111,136,142,152,158,119,94,210,165,165,165,165,192,179,165,215,186,136,73,73,186,160,196,172,119,128,110,160,136,73,73,96,81,73,110,48,10,59,31,73,73,94,110,136,165,102,46,46,59,73,86,119,179,157,102,145,192,179,181,179,157,186,136,210,222,172,197,192,136,165,142,206,228,206,136,136,215,186,152,172,172,197,186,210,128,119,81,186,66,46,113,160,110,110,104,128,142,102,75,102,128,128,181,142,179,130,110,157,102,102,150,102,88,86,152,110,83,81,59,66,81,59,59,73,86,52,136,196,157,81,102,157,73,35,94,86,73,172,223,223,219,165,94,122,59,81,102,110,54,179,172,113,122,31,52,165
150,103,111,150,142,142,137,142,150,119,119,142,128,142,128,94,119,128,137,86,128,128,150,158,142,150,150,137,137,102,111,158,206,165,86,111,94,86,142,119,186,172,214,158,158,94,52,137,137,137,111,94,74,66,94,158,119,128,119,66,111,59,158,150,137,119,74,46,119,66,192,214,158,119,94,119,137,165,140,142,94,94,137,59,59,66,41,35,81,94,74,52,52,158,228,210,219,210,236,236,214,243,228,236,222,240,244,236,245,254,251,242,243,206,119,111,86,66,94,81,102,201,201,239,201,111,74,86,86,59,86,114,111,102,119,128,119,158,172,172,142,119,165,201,234,219,206,236,128,52,142,179,231,242,172,35,48,102,86,111,187,168,119,179,192,168,111,46,119,165,66,119,102,66,86,142,73,52,179,228,228,46,136,234,243,201,192,192,181,142,142,206,201,172,86,81,145,175,196,158,165,165,165,150,179,150,192,150,119,186,136,119,86,94,94,96,215,206,119,150,212,157,52,86,119,102,102,110,54,46,136,86,61,94,81,94,110,119,110,131,102,27,40,102,105,119,102,94,179,128,136,179,186,186,203,215,225,186,215,236,105,157,157,219,81,175,196,222,165,175,165,196,196,172,196,210,201,186,192,86,40,102,128,73,46,186,110,130,179,94,94,128,81,102,102,59,144,167,157,136,142,128,152,150,128,128,102,83,35,88,136,52,52,102,110,94,46,52,66,59,66,157,225,228,224,186,142,94,73,113,136,150,194,232,210,179,150,73,68,83,119,94,73,86,172,128,86,19,42,52,113
150,158,150,142,137,172,150,94,158,128,102,150,158,137,102,119,150,150,111,119,137,119,119,128,119,111,111,119,153,128,102,137,192,201,119,81,131,172,186,179,192,192,158,128,150,102,94,137,111,137,128,86,83,119,86,81,165,94,59,119,142,46,74,66,52,86,86,119,196,142,165,186,111,128,165,179,119,158,196,86,111,74,105,52,94,27,32,19,35,128,128,59,97,179,238,240,192,243,240,222,220,234,236,194,251,228,234,234,242,250,250,250,242,201,119,94,150,172,74,86,136,165,215,186,136,86,74,74,81,86,74,66,81,136,186,201,182,172,206,215,206,150,219,215,196,220,201,197,186,102,158,196,229,234,136,52,74,128,111,111,158,102,119,158,181,179,86,102,136,86,81,136,136,102,172,150,128,136,210,234,210,119,136,165,165,179,152,150,172,128,186,196,187,150,119,102,86,119,150,142,94,157,142,86,73,111,201,192,73,73,165,172,86,111,172,152,186,157,111,197,197,157,194,145,136,110,48,40,66,113,81,110,128,136,110,128,94,86,102,73,102,73,73,139,136,150,110,110,192,136,128,192,175,165,187,157,110,113,152,165,110,150,196,206,94,119,196,203,150,197,122,110,165,165,136,157,157,157,119,73,86,136,128,128,37,102,142,236,136,81,94,130,142,102,88,81,136,136,157,179,160,139,94,150,104,165,122,31,40,73,136,102,110,128,83,102,102,81,86,113,102,152,206,226,232,187,172,196,142,179,179,160,157,172,175,152,113,73,73,128,119,81,54,110,142,110,59,31,23,35,59
165,158,128,150,102,192,128,74,111,137,111,150,150,94,119,142,165,158,111,102,128,81,119,119,142,102,128,137,137,140,128,137,179,192,137,111,194,186,196,179,192,158,74,137,137,172,150,150,111,102,119,119,142,165,111,74,66,46,89,94,111,66,27,59,74,137,142,192,142,172,158,150,111,172,210,186,172,179,201,142,102,27,59,137,137,102,27,41,165,131,86,94,102,196,219,228,210,196,240,228,219,206,242,244,201,225,236,234,243,238,253,255,253,219,119,86,139,111,119,55,142,114,210,219,136,158,128,74,94,128,158,86,111,179,192,215,201,215,210,158,179,206,222,215,219,234,186,150,172,142,139,215,231,210,165,74,86,119,136,128,172,165,111,136,196,145,96,102,150,113,128,136,142,160,186,186,181,197,192,241,215,105,119,136,150,186,102,152,94,94,111,128,142,113,142,102,66,88,122,145,142,111,73,86,66,201,215,168,119,165,128,150,128,102,150,119,86,136,128,157,157,152,110,157,105,102,59,59,66,136,175,128,157,157,136,128,102,86,150,88,113,96,66,128,139,136,136,152,128,186,150,179,201,207,165,35,19,35,31,83,152,88,152,219,128,119,165,179,194,186,136,94,128,136,86,94,175,179,94,94,102,128,225,172,42,73,181,210,88,128,179,110,81,110,81,81,88,86,102,179,196,81,73,144,139,94,142,66,68,59,102,160,119,110,110,128,142,142,136,139,142,119,216,172,167,206,152,201,165,142,139,113,81,52,119,136,110,142,128,130,102,122,46,110,119,110,167,81,23,31,102
165,128,158,128,150,111,128,111,102,142,158,142,102,94,94,137,172,172,111,102,86,59,128,137,119,137,150,137,150,158,142,142,142,142,158,158,142,168,179,165,158,137,158,137,119,172,142,74,81,105,94,111,165,128,94,74,41,32,59,74,59,105,128,105,172,192,192,201,186,158,158,165,158,201,225,210,206,150,192,172,119,59,81,119,165,102,52,102,128,137,102,102,119,202,234,219,196,219,250,186,214,236,247,201,158,228,236,225,196,254,240,242,251,225,128,74,86,128,83,94,179,40,206,201,196,179,172,62,111,94,94,94,105,142,179,215,187,215,203,165,182,210,172,219,222,186,136,196,111,142,186,206,228,240,179,74,119,136,136,128,158,194,81,136,172,66,136,139,150,128,102,142,192,172,179,172,158,196,215,215,196,35,73,196,231,94,59,83,81,66,96,172,158,172,201,142,96,102,119,172,150,192,119,81,81,229,128,192,94,222,142,102,94,142,142,86,73,94,102,136,128,150,157,81,102,73,81,102,73,165,81,128,172,94,102,157,172,102,150,172,81,136,160,73,102,75,131,119,40,110,157,165,179,187,102,16,3,9,46,128,165,81,119,192,165,128,86,172,196,186,150,81,81,73,81,119,152,172,142,86,61,102,219,73,35,119,59,122,136,172,150,136,102,66,119,102,94,94,94,172,73,157,66,113,96,102,136,94,31,68,66,66,94,136,139,122,186,219,157,136,167,142,210,157,94,150,86,73,102,35,52,52,27,15,31,119,157,157,83,66,110,122,73,110,110,142,157,86,24,66,150
111,142,158,86,137,137,172,111,142,179,158,131,142,102,111,137,140,137,158,111,128,86,111,128,66,150,158,137,172,158,158,179,128,128,150,128,81,158,165,172,137,165,158,94,81,111,94,35,46,119,105,74,81,66,59,89,74,41,81,111,74,137,201,172,137,197,206,201,214,186,172,186,196,186,214,201,150,158,158,128,74,111,142,137,86,119,142,186,119,35,119,119,119,186,234,242,240,192,236,234,222,192,252,234,206,245,210,214,192,236,236,250,249,240,175,66,74,74,102,165,81,94,102,222,139,201,128,119,68,81,81,66,102,119,150,206,196,215,172,172,160,192,196,210,16,128,186,201,131,186,179,215,215,196,172,119,102,145,119,128,119,122,158,128,172,111,113,172,186,128,111,186,194,150,160,165,186,215,228,192,136,62,128,201,228,119,68,111,160,119,172,225,179,158,201,196,96,81,128,160,210,157,128,66,102,228,86,165,145,196,165,136,165,165,119,102,96,96,102,150,186,86,145,66,52,52,172,54,136,136,128,136,157,157,128,102,157,186,139,172,102,73,119,128,119,142,136,86,139,119,110,172,186,187,83,19,13,19,66,145,167,150,96,157,152,150,110,122,142,192,130,94,73,81,86,128,157,142,142,102,66,142,150,46,75,128,94,130,150,142,136,86,119,102,61,102,119,110,102,119,73,104,73,110,119,119,59,73,73,94,75,81,110,110,150,167,179,192,229,136,110,142,113,152,66,35,73,4,35,23,33,31,33,19,15,144,179,86,119,59,61,122,110,86,142,68,174,86,37,46,83
137,102,94,119,102,219,119,165,150,172,137,128,137,86,137,128,102,137,158,128,172,137,86,137,128,150,83,214,102,172,128,128,94,142,128,128,86,86,172,196,137,119,86,59,52,66,86,66,74,111,94,66,35,46,94,105,119,206,111,158,119,142,172,150,119,172,206,222,210,196,165,165,201,168,158,165,165,158,128,94,94,102,137,150,81,165,201,158,94,52,81,102,66,142,228,225,214,225,236,246,201,206,242,249,236,214,243,219,234,248,247,245,253,250,219,128,119,33,111,86,94,111,119,128,192,59,136,66,102,128,52,86,128,136,150,186,201,219,228,150,128,215,224,142,243,165,226,219,111,142,192,192,172,210,203,102,66,102,111,119,192,128,201,150,168,187,158,150,158,136,192,192,179,145,94,158,186,192,201,201,158,186,216,203,201,210,187,225,201,179,206,226,179,119,131,102,73,81,142,160,179,119,61,54,76,128,66,81,206,186,157,206,196,181,119,142,152,150,136,136,165,142,110,66,66,110,150,119,179,94,136,86,119,139,136,172,128,139,128,86,86,59,136,128,175,110,110,234,136,113,219,119,186,215,105,46,27,35,157,192,119,179,186,113,225,175,165,88,128,160,96,110,201,172,142,157,157,94,136,150,128,122,150,102,81,150,196,157,136,145,130,128,110,52,31,66,113,104,102,96,104,142,157,130,144,73,113,110,128,144,94,110,139,119,142,167,119,110,150,119,81,52,23,52,48,52,54,40,54,40,40,52,110,73,37,172,203,110,167,61,46,157,81,136,144,46,186,94,94,31,119
111,142,111,150,128,119,150,158,111,142,172,111,111,137,128,102,119,142,140,142,119,137,128,142,172,94,74,158,150,102,94,66,128,137,114,102,81,66,142,172,128,59,53,111,41,102,94,137,94,81,86,48,41,86,102,158,214,201,102,172,128,142,94,111,172,192,228,233,197,192,179,158,201,165,119,219,179,158,179,150,128,165,119,102,150,186,192,187,142,86,59,52,52,128,206,219,226,214,236,249,231,225,240,225,192,222,238,236,231,238,245,228,244,249,210,142,94,66,52,136,150,94,172,172,66,192,119,74,128,150,128,27,81,186,179,201,206,219,210,142,210,111,228,215,225,219,215,232,128,158,210,225,150,81,119,111,96,136,197,66,222,228,122,102,194,172,128,122,158,196,201,219,150,158,142,105,160,119,86,210,243,236,231,248,225,172,207,238,142,142,150,165,119,73,76,66,81,111,139,150,142,111,73,86,35,52,128,165,212,136,86,181,157,157,168,172,179,150,110,96,110,75,102,96,94,73,150,142,179,157,73,88,119,136,150,131,113,102,145,94,122,73,172,179,73,136,172,210,172,150,128,131,150,150,142,136,131,128,142,142,119,172,225,219,142,196,192,142,142,83,152,215,215,215,215,139,172,175,113,172,196,110,179,157,94,165,242,172,175,142,94,94,119,86,59,66,59,66,73,66,110,186,81,59,119,122,81,94,215,228,119,66,113,102,94,142,136,119,119,119,102,37,31,31,52,128,172,136,104,81,128,196,215,201,187,206,196,157,86,59,102,102,94,144,110,59,136,66,94,86,150
111,111,137,142,81,102,172,111,128,142,137,128,137,122,145,119,142,172,150,119,137,137,128,153,150,97,137,81,137,81,94,74,102,137,102,102,128,102,66,102,137,128,53,150,66,137,119,128,74,76,74,52,94,172,186,219,186,137,114,142,119,119,137,179,186,214,238,201,192,201,186,186,186,192,192,201,165,220,234,196,150,182,142,186,222,206,165,186,119,158,94,41,66,137,210,228,231,225,238,244,214,214,210,234,234,214,228,222,214,234,225,234,248,243,224,172,105,88,111,136,131,142,165,194,119,81,86,131,136,111,59,86,74,76,119,196,210,206,225,81,111,165,228,210,215,201,238,165,86,179,172,119,172,136,83,119,179,192,94,150,251,105,52,81,128,128,196,150,46,201,186,179,186,73,55,111,165,111,128,237,224,249,207,252,201,136,128,158,119,105,81,102,66,52,136,158,142,111,111,142,86,102,165,157,111,150,179,196,128,68,61,136,165,157,165,192,179,119,102,102,88,81,88,66,59,119,196,165,157,142,94,128,150,157,145,105,110,119,128,110,73,110,110,102,86,150,136,136,86,110,145,102,142,142,181,172,136,152,160,119,157,172,206,244,219,216,136,197,157,196,157,241,150,244,222,157,157,181,179,192,152,130,192,172,192,210,219,226,150,110,102,81,160,136,102,75,59,59,73,110,81,81,110,86,122,119,48,104,239,237,142,59,46,119,119,119,157,102,104,110,102,96,96,104,104,136,179,196,196,206,220,219,207,224,225,210,179,142,128,52,52,96,102,102,81,66,110,40,54,110,128
102,137,142,150,137,94,158,158,102,86,119,94,137,150,102,119,179,179,150,119,102,137,128,102,105,158,94,41,102,142,137,111,81,142,142,172,150,128,66,94,158,165,102,119,111,102,74,41,66,81,111,186,192,201,236,195,102,102,128,150,186,142,192,201,175,206,219,172,172,186,206,222,186,172,206,168,222,206,219,195,165,219,192,245,219,231,201,195,102,86,86,41,59,131,222,234,206,243,206,214,192,219,238,225,243,192,238,236,222,214,240,245,245,251,244,179,94,74,74,81,111,150,192,222,206,139,122,142,86,81,119,66,81,86,94,142,186,206,172,88,74,203,231,212,187,194,201,206,136,158,186,128,150,136,66,68,136,136,102,142,224,83,86,74,175,150,201,111,119,119,165,111,142,46,13,102,219,179,219,136,186,181,136,206,172,86,52,119,102,86,86,81,86,158,196,181,142,136,131,81,102,142,186,240,215,210,102,142,59,88,52,111,179,142,128,152,157,142,119,52,81,81,59,75,102,128,102,131,157,139,110,119,172,150,136,102,75,110,119,94,102,94,102,160,150,110,136,94,94,128,152,142,131,142,172,102,128,175,157,165,179,181,196,186,228,187,157,172,197,226,86,167,215,172,206,224,175,157,192,165,175,196,196,165,81,142,248,192,66,139,110,136,83,102,94,86,94,73,94,150,52,40,128,68,113,52,40,110,228,239,187,83,54,66,102,110,66,52,136,46,96,165,165,119,88,196,229,165,167,206,192,130,86,136,119,136,160,142,179,94,35,86,96,122,128,54,73,66,52,110,128
172,102,142,158,150,74,119,102,158,81,142,102,150,128,150,150,142,150,137,94,32,119,119,86,137,142,81,86,94,122,128,150,142,142,158,150,186,186,142,111,102,94,111,86,66,74,66,94,128,186,201,229,210,195,172,128,137,179,201,201,210,210,201,195,179,195,172,186,158,179,214,210,172,172,179,195,207,179,210,195,210,238,219,248,179,225,214,194,94,35,81,46,52,128,214,242,179,245,197,210,210,234,231,231,214,214,236,240,222,214,234,248,247,252,243,111,86,81,111,74,186,150,158,142,94,81,94,119,111,81,111,74,35,81,128,201,172,142,210,192,172,238,249,192,206,114,35,119,131,142,179,142,40,81,136,74,128,158,136,165,158,158,119,102,187,192,196,37,113,119,136,81,136,128,139,165,192,196,136,179,40,119,83,111,94,66,94,102,83,102,142,131,128,210,219,172,150,131,128,88,128,68,232,215,179,179,94,142,119,119,160,136,150,102,76,94,142,136,102,46,59,94,59,59,110,94,81,94,165,157,152,150,136,136,136,102,94,136,110,59,83,102,160,179,142,110,131,128,157,128,102,102,136,105,102,139,136,136,136,186,201,186,119,165,210,238,222,136,150,172,210,172,216,181,165,128,165,192,172,179,216,192,94,128,215,215,210,157,142,102,66,142,136,83,94,73,102,119,81,88,119,86,81,86,81,35,73,73,210,232,150,75,81,83,94,128,81,73,128,66,142,201,219,48,122,136,119,150,110,94,86,46,33,48,96,150,194,157,122,119,61,81,152,150,102,52,52,102,119,139,110
111,142,201,172,158,111,150,172,128,128,172,142,102,165,94,94,137,111,66,81,128,145,94,179,179,111,142,192,158,111,137,150,142,137,119,150,187,179,119,94,111,46,59,94,81,102,150,192,233,240,186,158,172,142,142,172,195,222,236,225,197,222,192,165,195,192,192,192,142,192,195,195,192,201,192,179,195,206,222,214,210,219,229,219,194,219,201,158,102,86,41,35,59,111,192,244,231,214,201,214,222,219,201,242,228,219,206,243,231,226,219,238,238,243,243,111,102,105,102,182,142,142,158,52,111,94,111,111,128,94,94,102,150,172,186,236,246,234,212,240,231,236,206,172,96,76,9,32,119,150,150,181,196,102,128,128,94,142,113,128,128,158,187,234,244,236,128,46,105,136,128,142,102,128,165,139,119,179,102,73,111,94,142,102,66,76,46,142,150,142,179,192,165,86,73,86,86,86,152,96,94,157,119,81,186,150,139,225,139,81,222,142,128,81,102,105,88,52,40,73,61,119,46,73,119,136,131,150,165,179,136,179,110,102,105,119,131,128,110,73,113,113,157,152,165,128,119,110,172,128,128,81,110,122,94,119,75,75,128,192,215,179,157,207,210,179,203,157,150,207,231,243,225,186,150,142,142,150,179,210,201,165,113,165,203,244,240,165,83,86,172,40,102,88,104,94,59,81,86,119,157,86,119,172,61,157,31,110,172,167,172,83,94,110,102,110,75,110,179,102,150,186,234,81,113,136,142,179,142,128,172,172,86,46,83,172,174,110,88,157,102,172,172,119,66,59,75,150,86,160,110
128,179,179,142,142,158,60,102,158,142,128,142,150,81,111,150,172,94,119,201,150,142,172,158,111,186,158,158,111,179,158,119,150,172,137,128,165,137,102,66,165,111,102,137,150,192,179,225,219,195,160,122,158,172,219,231,210,210,225,192,195,206,192,175,201,219,212,172,158,158,186,201,195,195,192,206,201,195,206,222,222,210,212,201,179,206,179,137,102,46,35,41,52,105,172,238,236,192,197,206,222,210,210,225,225,197,222,234,238,222,195,222,248,240,243,182,94,136,136,179,66,210,158,102,86,179,139,94,94,145,168,179,210,229,222,243,210,219,165,179,210,219,207,142,165,52,46,114,179,192,219,192,186,136,86,142,94,119,165,201,119,113,179,236,179,136,40,62,142,128,94,81,81,128,136,102,102,136,96,73,150,150,158,192,86,73,86,179,142,86,94,96,111,73,54,102,139,94,142,139,142,157,172,46,172,172,203,210,111,94,196,165,142,83,81,94,59,75,35,83,61,81,75,186,110,150,186,150,150,172,86,157,165,145,152,102,86,142,142,119,160,86,172,128,165,131,131,136,160,157,102,68,81,73,88,88,96,94,110,206,212,186,206,157,136,145,160,201,206,219,234,225,215,157,160,167,179,212,196,196,157,207,196,110,128,236,244,113,86,119,110,172,52,81,136,110,86,81,102,110,104,102,186,113,128,73,130,66,94,165,229,83,68,68,66,94,81,128,186,136,142,187,240,128,94,142,179,201,181,210,207,216,165,75,110,186,203,102,136,48,119,104,110,150,46,128,54,94,66,94,86
86,150,119,179,179,74,186,66,195,111,86,142,142,137,150,142,86,142,150,111,137,150,158,86,165,119,158,119,172,158,186,142,150,179,137,119,111,94,137,86,195,165,210,140,224,214,102,137,74,102,192,172,206,214,222,222,186,192,201,192,210,150,195,195,206,216,225,214,158,165,175,195,186,179,195,214,219,192,172,225,210,195,210,197,172,172,150,86,66,52,46,35,52,102,172,219,234,210,179,206,206,206,206,201,187,228,238,236,238,210,195,243,251,228,222,206,74,142,139,94,86,210,192,111,122,102,165,81,136,165,142,186,186,186,197,172,102,88,158,158,119,236,122,74,179,165,139,142,201,150,225,201,158,145,74,81,150,150,119,114,145,136,142,102,136,66,62,81,81,102,86,102,102,73,165,119,86,102,165,88,76,179,179,196,122,40,102,102,76,111,81,73,59,86,194,145,94,128,128,136,111,160,128,61,150,172,165,86,111,52,142,172,86,35,59,86,73,86,59,40,52,105,119,172,119,102,172,110,128,94,186,150,179,165,152,86,122,181,142,139,94,110,142,172,119,105,102,145,157,145,150,110,83,66,86,152,186,122,110,228,172,150,179,207,160,186,160,197,219,231,240,236,234,179,136,179,192,186,179,157,192,201,157,81,172,172,179,192,94,113,104,128,110,104,94,46,102,119,94,136,119,81,122,136,102,83,192,165,142,196,167,165,81,66,96,113,142,119,119,160,196,216,242,165,75,160,201,228,160,223,210,144,128,83,94,196,215,172,94,94,119,59,102,165,27,59,40,75,73,81,68
102,111,142,119,172,192,158,102,111,119,94,142,128,165,150,111,137,150,158,142,158,111,102,111,179,119,165,186,137,186,172,186,142,128,102,74,119,119,142,186,197,179,201,186,172,111,59,119,160,179,214,201,201,219,186,210,195,192,210,212,206,219,179,195,186,192,210,214,214,192,192,219,201,201,214,210,210,186,158,192,186,202,214,210,142,172,179,86,52,105,42,23,41,86,158,231,231,201,192,201,207,179,179,201,225,231,231,243,231,201,210,243,243,225,214,206,128,119,88,46,128,201,234,102,119,81,86,74,128,111,119,172,150,111,142,94,35,59,88,165,142,150,81,172,158,228,201,142,225,202,165,245,225,142,66,55,128,215,136,128,128,172,94,74,102,62,88,142,88,55,111,128,131,136,142,186,150,66,102,81,186,201,165,186,179,46,73,119,172,192,111,119,111,86,102,142,150,142,94,81,136,165,192,113,111,172,215,136,66,113,142,73,52,86,94,68,59,52,73,81,86,110,110,136,128,110,136,186,119,102,192,131,150,165,110,113,150,150,128,119,81,136,102,142,119,110,128,119,136,136,150,102,102,128,128,207,172,131,192,225,160,150,73,231,150,172,128,234,165,231,232,210,229,181,201,186,165,157,181,179,197,201,186,119,81,130,152,172,86,110,142,119,136,102,94,73,54,136,192,110,73,86,83,86,136,86,136,157,110,192,229,119,73,102,102,128,165,152,142,150,165,215,219,150,59,181,216,201,186,119,128,81,128,68,94,201,216,160,113,94,102,102,102,136,52,46,37,68,52,102,86
74,111,150,142,201,137,102,158,111,128,142,150,175,119,111,137,158,142,94,111,195,179,128,142,119,158,158,119,186,153,128,179,119,111,142,142,119,150,165,179,172,216,142,86,142,150,102,206,233,172,219,194,214,228,222,206,201,201,234,195,214,210,201,165,201,206,165,222,186,172,210,214,201,192,225,168,142,192,165,158,179,182,186,206,137,172,192,158,59,105,35,13,46,86,150,224,214,192,197,186,210,179,179,214,236,236,219,228,236,228,210,231,240,236,225,210,165,111,52,48,158,210,229,139,81,94,52,102,74,88,150,142,128,131,136,86,46,59,119,186,158,111,186,158,142,195,234,192,222,187,128,142,142,81,111,119,168,102,158,86,86,195,136,136,23,128,66,192,192,122,172,216,102,119,142,179,215,94,102,102,111,220,206,219,172,27,94,210,255,225,94,136,181,145,128,172,142,59,119,54,119,179,165,136,139,157,165,172,157,111,102,81,94,136,172,96,46,40,73,73,66,96,119,142,142,131,172,172,192,119,142,142,119,128,136,128,110,136,128,136,136,102,113,66,142,136,172,86,142,94,86,142,150,142,179,136,83,160,201,165,186,201,110,192,196,157,157,201,225,210,196,150,192,201,225,186,128,201,210,197,194,226,187,192,122,210,150,66,73,66,119,66,86,102,86,68,86,172,157,59,73,94,81,167,81,110,136,139,157,172,179,172,86,40,81,113,142,196,136,75,150,206,172,136,113,122,165,157,186,52,81,81,73,179,179,219,212,144,94,73,102,128,73,110,102,81,35,27,40,104,102
128,41,150,158,111,192,142,81,150,186,158,165,172,179,94,114,119,94,137,179,102,74,172,192,128,111,179,150,94,158,137,137,111,160,97,102,206,192,179,195,186,142,182,131,210,165,228,219,201,214,150,228,225,228,225,206,201,165,192,195,206,222,225,102,231,206,201,228,195,206,225,187,210,186,172,160,128,179,150,172,186,192,201,206,186,150,160,210,74,81,66,41,41,74,102,168,224,195,179,195,202,172,201,172,228,247,192,228,238,236,210,219,242,243,238,201,136,114,66,119,228,222,216,172,66,81,81,74,68,94,114,114,119,168,142,94,68,111,195,187,197,186,181,228,206,186,215,234,186,88,102,59,94,142,150,152,136,160,175,111,165,215,86,48,66,59,165,195,152,215,236,243,201,150,201,206,228,165,86,158,142,228,206,192,86,215,23,186,222,219,136,94,158,210,192,136,59,122,111,119,136,225,196,179,168,142,165,157,73,86,172,128,86,165,179,150,136,81,40,94,66,110,172,86,187,136,142,172,160,119,110,136,119,136,167,152,142,136,150,139,110,128,128,94,142,113,145,139,102,66,119,179,157,110,157,128,119,172,139,94,172,201,150,196,231,165,201,215,234,150,201,210,186,206,203,212,192,186,231,237,216,165,187,236,172,86,102,81,46,94,61,66,31,113,104,59,40,81,136,88,73,81,110,136,88,110,96,139,142,104,86,119,102,46,94,94,142,139,104,94,119,186,136,96,59,122,119,150,179,86,20,86,102,150,225,228,212,139,81,104,81,75,119,128,128,86,27,27,52,102,119
128,111,142,150,119,142,60,119,179,165,137,186,158,142,111,86,150,150,102,94,179,102,111,206,119,102,76,172,102,128,137,158,179,192,231,210,192,186,119,137,150,172,206,214,179,219,172,150,228,192,195,224,219,210,225,201,182,179,165,214,210,195,201,179,186,214,206,160,214,219,195,158,201,195,150,150,158,179,186,172,172,214,216,201,201,111,179,165,119,46,41,86,46,35,119,179,222,206,165,201,179,206,201,150,228,234,192,242,229,234,214,207,248,249,248,222,142,81,81,165,238,222,186,150,102,122,97,94,81,66,81,142,186,160,165,195,172,181,210,192,219,240,210,210,225,219,219,231,186,102,86,66,86,142,158,150,142,165,165,158,202,201,46,66,74,48,128,158,105,219,240,186,111,128,207,222,219,206,119,111,158,201,179,142,158,136,136,187,168,158,94,52,111,210,194,179,201,201,119,172,172,128,150,234,197,119,113,157,96,76,142,68,19,119,206,175,119,48,40,83,122,102,165,102,196,179,136,197,196,110,150,136,150,165,128,136,150,139,119,110,142,136,136,142,136,86,119,142,96,102,102,102,145,142,150,186,172,145,73,102,160,172,172,201,206,192,201,222,206,201,238,239,196,196,186,165,201,186,210,234,179,139,165,197,157,130,83,86,59,73,68,59,81,52,110,86,54,102,167,94,59,110,86,192,142,81,113,66,119,86,167,128,68,94,86,96,152,136,81,175,172,165,128,96,228,113,152,172,110,174,23,27,150,228,179,210,219,192,59,20,66,102,136,128,119,35,48,94,81,81,73
172,119,111,111,158,111,158,111,119,142,179,186,165,142,119,119,192,158,137,158,142,137,172,102,119,165,150,66,142,102,192,186,222,219,186,201,186,158,158,119,142,206,210,192,187,214,228,119,192,201,210,220,225,210,201,195,158,142,186,186,220,225,210,195,195,192,231,214,128,210,195,192,165,179,128,195,219,150,192,210,192,202,201,172,210,137,179,128,86,52,41,94,105,59,165,195,186,219,175,152,202,201,179,192,234,225,206,236,236,219,214,210,245,245,252,236,139,66,86,175,225,214,150,94,119,122,94,94,66,52,122,222,239,210,219,240,228,210,222,214,240,248,231,231,231,243,215,215,206,114,114,102,102,165,192,165,158,158,197,150,150,158,86,128,86,74,86,88,139,102,111,81,105,136,186,195,150,136,139,152,187,195,195,131,73,165,157,216,119,40,52,81,142,172,150,102,165,94,111,102,102,131,186,249,157,86,181,203,157,59,13,19,35,86,179,172,59,46,75,48,136,142,142,86,186,167,210,119,222,142,119,119,157,186,179,160,142,145,102,136,167,157,175,136,119,150,142,142,119,86,102,86,142,157,119,160,179,94,94,142,102,119,196,192,192,186,201,206,196,234,224,207,197,165,150,128,172,179,187,206,172,165,175,167,194,119,46,81,102,102,68,35,52,59,86,81,86,110,96,61,54,102,110,104,179,35,94,81,167,102,119,194,128,119,61,81,110,128,157,150,179,181,179,136,88,88,192,110,142,142,13,46,81,136,181,194,192,86,46,46,81,81,66,110,81,66,48,40,59,48,73
150,137,137,114,179,172,102,128,137,186,150,111,194,150,158,186,165,158,94,201,131,89,128,74,192,142,142,150,201,186,238,195,179,201,172,111,165,172,201,165,150,186,206,192,233,119,228,201,137,222,210,210,192,206,231,201,195,214,214,214,206,195,195,222,192,172,186,150,179,137,137,192,158,158,179,186,179,186,186,210,228,210,214,142,142,102,128,86,52,46,102,94,145,150,158,186,195,228,206,172,186,179,195,222,228,236,214,195,245,231,172,240,216,243,251,231,136,119,94,119,195,210,119,74,74,97,66,81,94,83,158,238,242,207,192,206,214,212,220,228,242,201,220,239,238,236,215,179,225,172,119,158,160,201,206,165,136,136,136,119,52,86,128,172,86,88,105,142,142,27,32,86,150,186,186,168,128,113,142,172,139,142,192,186,113,175,139,96,40,35,105,168,210,186,119,76,54,111,102,145,102,73,201,236,157,111,172,172,160,59,10,9,31,119,150,94,94,96,46,119,157,73,86,86,215,150,145,194,81,192,186,102,152,165,157,86,81,172,165,187,119,192,157,210,150,165,165,160,131,110,150,157,128,136,110,94,81,119,172,119,27,186,194,206,192,210,192,186,203,215,206,181,179,136,145,145,130,150,179,186,186,150,142,196,150,73,66,73,73,81,66,81,46,102,119,86,86,59,59,52,61,75,102,165,94,179,94,88,94,59,165,122,122,110,81,81,139,187,225,216,206,210,186,94,96,136,52,110,110,27,59,59,150,150,194,128,81,94,94,110,128,52,27,128,172,46,110,27,75,37,73
142,172,86,142,172,158,142,111,137,137,179,94,142,119,128,172,111,158,201,86,94,102,137,158,172,137,150,206,142,206,206,195,158,74,119,179,195,214,195,206,128,206,201,210,207,214,158,236,206,201,201,186,207,186,186,201,195,231,220,142,179,210,192,206,150,158,179,150,165,219,165,195,172,179,192,206,214,201,179,186,219,201,172,114,111,119,111,86,46,52,66,59,119,179,142,158,186,206,201,172,165,195,206,222,202,238,214,210,240,225,232,201,224,236,238,234,206,119,94,102,165,192,102,66,40,66,59,74,119,86,165,210,150,165,128,142,172,142,201,234,216,131,165,186,231,206,219,102,215,238,215,215,179,142,186,179,96,94,66,111,86,62,158,165,128,111,119,158,168,52,35,119,192,219,201,158,142,181,150,165,150,201,192,207,179,165,105,102,142,94,150,145,81,113,172,128,86,128,179,194,201,119,128,102,86,52,52,27,46,66,59,27,40,172,210,222,196,81,66,157,192,94,110,136,196,197,165,172,150,150,122,181,172,142,150,157,181,210,172,186,102,157,179,128,186,206,172,201,102,110,142,128,165,196,142,52,81,110,105,83,119,228,186,142,203,187,226,186,228,196,175,150,175,157,142,150,142,142,186,192,201,179,181,186,86,102,81,59,54,94,152,110,59,94,136,102,59,73,81,73,48,88,102,142,165,128,86,83,73,119,104,81,73,130,128,94,207,232,172,179,225,219,179,152,142,110,83,81,35,46,59,172,68,142,172,110,102,104,94,86,110,96,46,128,102,157,150,81,83,40,52
158,142,119,142,150,111,111,86,102,111,158,150,179,172,137,158,150,150,186,128,206,111,186,158,158,172,210,201,201,137,172,142,150,160,165,192,179,201,206,214,168,236,172,228,206,192,231,186,222,228,172,192,206,201,197,219,236,192,192,210,206,158,222,158,192,111,150,158,192,192,137,201,192,158,187,192,192,192,179,210,195,192,165,187,131,150,86,81,86,32,59,94,86,102,137,165,186,195,179,186,192,165,179,186,222,234,228,238,231,234,231,152,228,236,236,248,228,66,74,186,142,119,74,119,74,111,114,102,111,81,136,186,111,142,172,158,102,111,210,238,210,160,136,179,201,172,186,122,187,253,248,210,158,96,150,186,81,158,94,165,172,88,219,195,179,102,128,206,222,195,94,179,206,206,219,186,215,179,186,186,179,219,197,201,186,145,150,145,179,157,142,119,86,96,168,186,136,94,150,119,179,68,40,94,52,27,19,52,52,35,66,35,27,196,236,150,76,52,102,157,139,68,142,165,181,175,172,165,131,105,172,201,157,75,94,165,179,165,150,181,179,186,73,186,179,192,196,119,142,94,157,128,181,201,119,119,128,48,142,165,142,136,244,150,206,186,241,194,201,192,165,157,179,172,157,175,157,186,216,210,201,228,210,157,110,75,73,86,119,136,119,81,81,113,130,96,68,52,66,83,52,66,68,136,119,73,81,165,172,113,66,81,102,86,128,142,136,186,179,210,234,219,186,192,179,88,94,37,42,94,150,128,94,128,136,122,130,73,86,119,102,66,66,102,102,136,110,86,46,37,86
160,94,74,119,128,119,137,111,140,119,111,186,186,119,102,137,186,165,179,172,158,206,201,192,201,179,179,137,194,137,119,142,195,195,172,142,158,179,195,210,206,216,192,228,186,206,192,222,192,195,206,179,238,219,150,207,219,172,206,210,210,158,186,165,186,142,206,172,206,158,206,214,158,206,192,160,165,186,201,201,222,172,119,158,186,94,66,55,52,52,66,74,59,128,136,111,150,206,186,186,192,158,179,238,192,210,244,224,228,234,225,222,228,244,250,236,179,119,136,206,165,94,94,102,102,128,136,128,81,74,165,222,165,139,207,201,128,172,210,234,231,206,192,160,195,195,210,232,172,238,238,201,179,128,158,150,102,142,179,186,150,142,201,215,158,128,192,243,247,248,210,139,119,128,192,142,142,81,194,160,158,172,158,142,192,195,160,158,201,197,158,81,81,94,128,179,142,94,172,32,59,83,86,131,81,40,66,54,35,59,40,33,94,172,165,86,46,68,150,81,110,179,122,150,150,119,142,186,186,102,128,131,165,172,167,172,196,160,175,215,172,192,172,186,179,186,186,86,119,119,167,142,119,201,196,119,73,73,194,157,73,179,192,192,197,186,238,219,136,210,196,142,136,128,157,179,206,215,179,201,206,181,172,142,68,86,83,167,172,102,119,136,102,94,94,86,75,59,46,68,81,59,48,110,94,66,81,196,102,94,113,110,128,102,119,181,181,150,165,186,186,175,160,136,94,75,130,66,81,128,110,160,94,75,110,94,66,59,102,128,81,66,73,66,46,102,88,46,81,31,66
86,46,128,137,111,172,142,142,128,137,111,142,142,111,142,192,194,192,165,201,222,165,172,210,172,137,158,158,142,150,142,186,186,186,172,165,172,182,158,206,222,219,222,186,192,192,172,210,210,214,233,214,219,222,225,201,165,186,228,137,195,192,165,192,158,195,119,201,97,206,172,158,158,195,206,182,187,128,186,206,158,182,142,81,119,66,94,32,94,111,66,102,66,128,128,122,165,186,206,142,186,201,172,128,206,238,234,192,236,228,214,206,201,240,248,222,172,197,195,201,179,119,111,102,66,74,111,136,111,102,160,195,172,165,192,186,192,228,228,231,239,201,201,186,228,243,248,253,186,201,232,206,186,172,206,158,94,111,158,179,119,158,181,210,158,102,195,234,238,234,195,52,35,81,81,59,73,94,102,46,81,81,81,128,119,165,172,86,172,165,179,111,83,81,105,139,111,139,73,81,59,81,136,81,105,94,40,40,73,40,40,35,40,66,119,73,31,66,150,88,110,110,96,139,165,165,165,81,110,119,73,150,192,136,136,150,128,119,181,197,181,192,150,131,142,179,192,186,192,157,150,157,136,157,196,119,81,102,119,136,172,119,172,207,238,142,225,119,210,157,201,136,119,119,139,196,215,187,150,167,201,142,102,75,27,196,102,194,94,150,150,130,110,73,94,86,81,102,81,35,86,94,75,94,75,110,66,122,96,157,128,136,110,122,142,165,181,186,206,179,157,201,203,122,113,81,86,102,142,130,81,66,86,96,104,73,61,81,86,119,86,59,52,102,102,48,88,88,46,27,33
66,150,150,158,142,186,142,142,131,137,137,128,102,128,186,210,201,195,214,206,206,102,150,128,111,150,158,158,131,210,186,158,165,172,201,186,192,197,195,214,225,210,202,192,158,145,195,210,210,210,201,222,210,150,158,160,165,201,192,158,192,182,201,158,158,158,119,192,137,94,195,172,210,186,119,111,165,186,137,186,158,150,66,119,74,66,27,46,59,94,74,59,119,94,59,69,150,210,214,122,179,195,222,212,195,226,210,210,206,225,231,201,186,214,219,243,246,158,142,210,142,76,86,81,86,74,88,114,128,86,94,81,158,206,194,195,201,216,219,222,219,158,186,214,206,234,248,251,226,219,234,210,179,219,225,142,102,94,142,195,111,119,215,201,136,86,136,150,119,119,102,55,52,102,68,86,158,172,119,66,128,86,136,94,94,175,142,81,128,152,157,136,102,94,88,66,73,165,122,81,61,86,172,111,59,73,23,35,35,29,81,46,27,73,52,46,66,175,196,86,119,172,145,179,186,186,119,122,88,94,110,152,196,165,119,152,157,136,157,187,179,172,136,136,172,157,179,142,186,196,167,142,142,175,186,172,102,66,81,136,102,86,192,215,219,187,197,179,165,102,196,179,128,128,136,196,210,172,167,172,196,94,48,128,54,172,172,150,136,179,150,102,102,128,88,102,102,113,73,46,86,119,130,110,113,96,94,119,136,119,86,160,136,136,136,144,187,194,179,206,206,179,157,181,128,73,68,104,142,73,113,119,81,104,73,94,94,104,128,110,102,81,66,110,94,52,81,33,86,24,35
165,128,102,192,137,165,131,142,128,137,179,137,81,111,201,210,195,206,201,86,158,137,142,158,111,102,142,142,128,206,192,201,195,195,214,194,192,201,197,201,201,168,219,206,206,201,222,222,206,195,168,158,201,231,219,142,186,206,201,192,172,206,201,179,172,128,165,158,119,119,145,172,128,140,192,158,128,94,86,142,111,94,111,119,46,37,23,59,102,158,111,86,88,97,94,66,102,206,172,172,145,179,201,165,192,234,242,206,234,225,165,192,216,201,234,240,231,202,179,172,102,81,52,94,66,74,81,66,86,119,102,59,150,172,165,172,179,165,206,195,186,186,128,128,165,234,226,214,240,242,238,168,225,231,172,111,136,122,158,195,96,179,239,195,136,59,86,94,42,59,73,139,158,150,136,158,201,206,186,201,219,186,157,94,142,186,131,142,111,111,136,136,179,142,66,52,66,136,172,94,32,136,52,81,66,81,66,31,20,81,94,73,27,35,46,40,94,179,110,128,94,179,165,197,194,196,175,122,94,136,203,110,105,172,128,110,186,136,110,192,210,210,179,165,186,165,207,196,110,157,192,186,150,172,150,150,196,172,102,102,94,86,110,201,228,206,196,128,165,203,215,215,186,150,172,215,234,201,181,186,165,73,48,86,110,150,136,94,179,175,75,102,150,175,128,142,175,102,94,94,119,94,96,179,104,119,201,142,73,142,119,165,165,160,130,110,192,172,142,196,142,110,130,172,94,130,46,144,128,73,86,165,104,86,59,122,150,136,110,52,142,86,122,73,94,150,66,40,73,42,31
150,111,150,206,165,74,158,150,102,150,179,179,201,210,195,172,150,179,66,150,137,186,119,172,102,142,137,179,137,192,192,179,219,195,201,225,201,165,186,179,195,210,210,172,222,222,172,226,210,186,210,192,150,142,150,210,214,206,165,206,201,186,137,192,214,165,152,150,168,128,122,165,186,128,102,111,66,97,119,150,111,102,158,81,46,41,52,41,81,128,158,119,41,35,62,59,66,179,214,201,165,150,195,186,192,225,242,172,225,234,222,225,242,222,247,255,236,172,168,192,136,81,35,32,86,86,97,102,119,128,74,76,128,136,119,128,195,222,179,192,195,192,102,114,214,219,206,239,243,248,240,158,225,195,136,136,142,192,119,102,165,210,224,186,86,81,150,142,128,105,96,206,201,165,165,142,175,192,201,219,219,201,165,128,179,210,179,136,81,94,105,128,186,128,73,73,81,172,165,128,73,73,19,73,31,113,66,31,59,102,102,81,46,40,94,66,142,192,165,128,142,119,167,192,192,165,136,119,150,179,160,175,119,94,110,157,131,136,181,186,186,119,128,128,196,186,128,157,186,165,179,179,157,119,206,206,157,165,172,119,187,160,150,181,219,201,186,130,102,194,181,186,196,203,231,226,216,210,172,165,172,86,61,136,104,86,96,81,102,142,128,142,136,136,157,172,152,128,136,139,119,136,128,119,152,179,179,139,81,165,102,172,152,142,142,160,167,160,136,88,59,136,83,96,144,157,66,196,136,86,128,110,113,102,86,150,128,96,128,122,128,46,104,52,152,150,157,83,40,104,19
137,158,158,186,158,119,150,137,142,153,192,224,238,195,102,128,158,128,158,165,192,158,158,128,165,172,153,195,165,195,206,206,228,206,195,233,195,158,206,172,201,219,158,210,210,210,225,195,202,172,195,186,142,172,195,210,206,201,158,150,201,179,150,186,153,142,142,150,119,158,172,122,94,137,137,137,102,137,158,119,186,172,94,52,94,74,86,41,69,128,119,59,46,35,111,119,41,119,219,172,179,158,136,142,192,214,243,234,158,243,244,214,228,238,243,222,225,228,214,210,139,32,52,195,74,114,97,136,66,119,59,33,66,158,158,136,172,232,172,195,214,206,210,214,201,222,206,252,238,249,228,195,201,179,186,192,128,142,128,119,192,131,210,195,59,172,234,240,212,194,142,206,231,195,142,111,136,160,179,192,210,195,150,150,160,215,210,128,83,111,94,73,102,66,81,83,111,150,142,150,102,33,35,35,13,73,66,40,46,73,81,61,66,66,73,110,172,165,157,165,186,142,110,210,179,102,86,219,150,160,150,186,157,94,128,172,172,186,215,157,179,142,181,119,186,175,186,206,192,179,192,165,172,175,86,196,242,179,206,167,113,142,186,179,237,215,150,179,73,94,142,160,192,210,215,172,142,201,186,165,128,110,145,172,136,86,128,102,83,94,152,110,139,139,150,175,122,119,128,119,88,136,86,73,144,128,142,142,94,81,110,186,186,128,150,172,142,81,83,52,66,142,130,119,104,119,81,136,139,136,128,86,88,96,102,104,119,104,119,86,81,75,40,73,119,113,192,81,86,48,15
165,153,94,86,142,192,165,158,201,192,186,172,137,94,86,158,186,195,214,142,195,192,206,137,179,179,195,158,192,158,219,225,206,201,206,201,172,172,206,210,210,150,214,192,168,222,236,225,142,165,186,179,158,195,212,192,192,192,182,201,165,179,137,158,111,186,142,179,158,186,128,74,69,74,142,179,172,150,137,158,74,102,119,86,74,32,27,52,52,41,59,119,81,131,114,35,35,86,158,207,197,165,111,192,219,225,240,206,142,225,251,225,206,225,225,222,231,229,202,175,119,59,59,128,76,86,94,128,111,74,74,94,81,192,186,131,172,206,210,219,219,238,210,222,228,234,236,248,245,252,215,206,192,215,181,212,165,142,210,158,128,102,201,192,142,179,231,244,186,165,168,150,195,201,158,111,102,119,142,165,186,219,165,179,128,197,238,175,102,113,68,35,40,66,66,73,59,81,142,142,73,31,59,40,23,52,59,27,27,52,66,73,59,66,119,150,128,150,160,195,186,192,172,160,150,122,150,128,172,181,172,152,136,145,157,165,201,186,110,201,157,196,81,172,128,172,203,150,192,102,119,145,102,128,210,225,179,165,192,201,152,234,167,172,196,210,179,157,142,48,136,192,172,186,192,207,167,165,160,157,119,186,142,86,102,157,128,102,142,113,128,86,119,119,86,94,150,136,86,136,96,81,102,86,96,130,81,128,102,128,142,102,102,119,172,192,179,94,66,75,142,179,144,113,75,86,88,75,104,128,73,128,142,81,54,81,128,113,59,81,119,130,54,119,167,88,102,104,86,19,122
137,119,137,158,142,158,137,179,201,150,102,102,94,150,187,179,202,222,212,210,214,206,201,158,172,201,142,158,192,158,216,210,158,192,222,186,172,201,186,214,186,119,234,165,150,225,206,210,165,186,206,192,158,210,210,165,202,186,150,210,206,128,172,158,119,192,194,186,172,145,59,94,150,172,150,172,186,158,142,119,128,42,46,37,27,35,13,69,102,119,81,158,111,86,165,86,52,102,168,225,158,195,150,172,165,210,234,206,210,238,236,225,219,195,216,225,214,229,222,165,119,59,59,111,59,139,111,111,119,119,74,128,119,158,136,66,97,201,172,165,219,225,192,245,228,219,245,243,253,231,228,192,186,186,179,195,225,201,192,150,160,150,186,192,136,195,210,228,150,136,158,136,152,181,186,142,142,142,111,128,102,228,206,186,136,168,231,150,122,40,46,46,27,59,46,27,32,52,113,94,66,73,66,66,37,40,48,31,46,52,46,59,66,136,192,167,128,175,186,186,194,210,207,128,179,172,128,179,179,181,160,157,201,160,122,210,201,165,136,172,179,128,197,186,122,172,172,157,203,186,119,131,157,142,172,150,157,194,192,196,207,110,152,215,172,201,179,113,119,119,110,172,187,179,186,128,150,165,157,165,142,179,215,110,145,139,150,136,157,139,102,136,83,119,94,94,94,119,81,179,152,119,122,102,179,144,128,136,139,113,128,119,102,165,222,236,219,119,81,110,165,110,59,86,110,81,83,52,66,68,59,186,228,110,59,94,110,94,81,152,192,197,165,128,142,86,59,104,46,35,86
53,142,137,81,128,158,214,150,137,86,86,111,137,172,195,192,187,214,238,219,216,219,206,210,192,179,192,179,186,195,195,192,165,165,168,172,179,186,179,192,186,158,194,160,142,214,195,158,222,186,192,206,206,186,192,192,186,201,165,150,201,102,172,94,119,172,66,119,137,94,119,150,160,219,222,158,102,122,206,140,74,59,81,128,89,59,94,66,74,179,168,102,165,165,86,19,59,142,179,201,219,142,186,168,158,219,236,220,172,207,231,236,210,195,201,241,245,228,195,128,81,66,46,136,74,81,94,102,94,81,139,111,119,86,66,122,186,224,192,119,192,206,192,214,225,201,222,243,222,186,222,142,165,175,187,150,165,165,128,119,136,113,136,94,111,210,240,234,215,181,136,142,136,142,158,195,201,201,119,73,172,206,210,142,175,192,195,145,35,52,88,94,23,48,23,16,46,86,94,94,128,105,73,46,33,81,73,54,59,66,59,94,128,157,172,157,165,201,186,192,201,197,210,179,195,212,179,179,157,186,201,195,179,172,142,165,186,150,157,150,192,228,187,145,142,157,187,150,197,179,165,165,172,142,172,157,136,207,196,150,142,119,167,119,128,119,119,167,157,179,102,150,167,119,167,165,94,172,192,157,136,186,94,130,59,150,139,165,94,142,119,94,81,94,128,119,165,75,119,136,139,144,119,136,142,222,128,40,136,81,157,130,130,181,243,245,210,81,94,94,94,68,144,81,52,73,110,66,61,46,52,206,244,167,52,61,81,94,81,167,242,245,219,122,110,136,68,86,88,40,24
60,158,86,192,179,179,145,165,111,102,142,150,179,195,158,160,186,225,158,186,214,242,228,225,225,201,192,158,165,201,192,179,172,142,158,195,179,150,175,137,186,194,158,150,128,195,210,216,201,153,179,201,210,197,195,192,158,165,195,142,172,131,94,128,137,74,94,142,158,172,172,206,228,192,102,111,128,111,179,142,94,102,119,240,145,94,158,86,172,172,150,102,136,128,74,66,66,59,128,206,186,201,119,192,158,179,219,214,158,222,234,242,216,216,238,245,250,210,128,119,86,128,55,81,128,136,111,111,94,76,111,111,86,74,105,128,136,158,136,88,142,172,179,195,172,172,194,172,179,165,158,158,128,150,186,128,139,136,74,32,23,40,59,76,186,186,206,234,226,179,165,192,94,102,128,224,238,202,136,94,231,194,201,150,102,157,195,181,35,119,46,131,73,16,46,81,86,81,94,142,131,83,86,23,40,142,52,61,46,73,81,136,142,128,150,181,179,179,167,195,210,179,186,186,172,228,179,150,150,167,206,195,194,186,119,110,186,167,179,195,215,219,150,119,160,231,234,150,179,175,165,179,150,86,110,175,179,196,186,119,119,203,150,128,110,110,110,192,167,119,167,150,136,165,210,192,150,128,102,172,157,86,172,48,73,94,102,128,83,136,139,157,186,94,102,119,59,119,73,136,61,179,122,119,179,130,102,42,139,179,222,225,174,207,225,236,150,46,75,142,73,142,167,66,40,102,110,52,75,54,83,142,224,165,54,59,88,59,83,196,247,250,219,128,73,157,83,96,102,66,31
165,172,165,186,94,128,225,195,119,128,158,179,225,195,119,186,172,222,243,242,236,228,238,214,212,201,137,186,158,192,186,150,128,186,206,128,160,186,172,137,187,165,137,175,119,186,225,197,142,186,195,186,210,225,179,179,179,150,172,168,165,111,86,179,150,94,150,186,179,219,165,195,194,119,86,86,74,81,74,102,102,158,158,219,142,168,128,142,195,119,81,142,145,59,102,150,59,32,66,206,219,142,214,201,195,172,239,219,244,186,214,236,236,202,220,252,251,179,152,111,128,111,165,46,158,111,105,142,66,122,66,86,46,42,142,195,186,152,175,165,150,150,128,152,201,201,165,165,179,179,142,119,179,192,214,219,186,119,59,74,94,102,81,73,158,128,150,201,172,150,231,248,165,94,136,210,234,187,165,172,179,192,186,131,59,186,210,206,111,52,59,201,225,111,94,102,94,81,73,96,54,52,102,59,52,66,35,59,23,94,102,157,157,88,150,197,150,186,206,172,206,157,136,165,194,207,206,179,136,160,186,195,210,179,160,139,142,175,192,172,186,210,119,52,196,165,167,172,212,206,172,172,157,150,157,167,201,194,179,216,167,192,206,179,145,142,136,119,110,157,215,175,142,179,136,130,150,165,165,150,110,145,110,102,86,136,94,86,128,81,86,172,160,150,86,128,128,110,128,119,59,175,150,86,136,136,31,86,192,81,186,165,201,174,150,142,203,136,83,83,86,73,110,179,119,52,197,54,136,73,73,94,152,110,73,68,88,86,94,197,215,243,172,110,29,110,157,86,94,52,23
195,128,145,142,214,150,201,186,192,142,128,195,195,195,195,192,210,242,210,251,229,206,219,192,111,186,206,165,137,192,150,179,201,179,179,150,179,206,142,201,158,186,179,172,150,186,210,165,192,201,206,222,210,150,165,142,175,150,128,158,158,128,140,179,179,192,219,186,150,179,137,89,137,150,81,41,46,76,81,81,102,172,172,102,128,142,128,158,128,111,105,94,158,128,111,111,52,35,86,172,228,214,158,136,175,195,194,243,234,220,192,238,236,238,243,226,219,186,136,102,81,136,94,179,165,150,114,81,128,23,59,59,32,74,181,179,128,150,88,172,102,145,136,212,86,165,172,192,158,165,150,179,142,228,246,236,179,59,35,186,201,165,94,73,150,181,192,136,122,186,243,245,142,81,142,195,206,158,165,197,206,219,206,179,128,210,219,172,96,94,157,234,253,142,32,68,73,81,52,37,46,59,83,73,52,29,54,46,68,128,165,142,86,94,96,172,186,186,206,165,192,150,157,136,197,201,201,142,175,195,192,186,210,192,157,172,150,179,179,157,179,197,119,94,142,66,139,206,222,186,186,179,181,192,175,136,187,206,179,222,172,196,186,196,157,122,96,172,226,196,196,196,150,157,150,119,152,175,179,150,94,81,73,113,122,136,94,119,128,113,165,175,186,196,206,113,81,102,128,150,136,136,73,136,136,59,48,52,66,119,136,142,96,128,136,142,83,110,102,81,59,110,201,139,75,86,136,96,119,110,136,110,179,165,110,46,35,119,86,165,239,194,86,110,46,73,167,110,81,27,37
142,119,137,179,172,142,179,179,192,179,224,142,172,214,206,222,242,186,201,244,229,192,233,172,158,248,128,179,186,192,179,192,214,201,150,153,158,158,158,240,172,179,102,179,158,150,219,179,219,165,201,214,195,158,102,111,158,119,131,150,172,158,206,158,165,216,195,137,102,119,102,86,137,122,41,59,74,86,74,41,102,182,142,74,158,201,165,186,186,158,94,74,175,197,66,41,48,32,81,210,228,206,186,165,186,225,210,242,214,206,201,234,244,234,243,222,165,158,142,136,68,142,150,150,219,179,128,81,102,74,24,52,102,128,150,216,206,142,142,150,102,86,128,81,150,158,94,102,96,136,81,86,202,216,236,186,136,158,210,242,228,136,81,102,238,192,206,105,165,179,158,105,76,96,165,222,222,136,142,186,201,210,186,228,119,165,206,119,172,215,152,179,172,52,24,29,40,59,35,31,46,42,31,35,40,19,46,119,165,102,142,152,128,86,94,172,201,119,172,206,142,165,172,136,206,222,179,157,225,212,186,219,197,186,165,179,201,167,186,201,197,197,181,186,94,102,157,206,215,136,179,165,196,215,179,150,179,194,172,150,201,215,172,172,136,172,196,215,228,203,186,186,165,119,167,167,186,167,215,167,157,136,122,139,113,136,102,150,150,110,201,210,222,215,172,142,119,142,157,165,157,110,128,73,81,102,59,23,150,167,46,27,128,150,94,83,75,59,104,110,86,165,172,130,119,110,75,122,113,201,136,81,201,206,128,59,52,73,104,192,226,142,96,192,54,139,119,172,122,94,48
94,142,179,142,137,179,201,195,201,192,172,186,201,192,201,228,192,179,216,210,219,214,219,165,172,119,172,187,179,206,206,201,197,172,111,150,186,142,186,131,179,165,111,179,150,158,231,186,195,153,165,172,165,172,128,111,142,111,158,158,187,192,210,119,142,94,94,94,102,94,74,111,102,86,86,66,83,102,66,23,102,102,128,150,210,233,182,165,201,111,52,52,136,194,102,33,41,41,66,175,226,219,195,152,210,226,210,226,222,214,192,236,248,244,222,234,222,158,165,158,102,175,119,206,192,181,172,52,66,24,46,81,128,158,201,186,142,160,150,111,102,52,111,119,66,66,81,52,52,27,52,66,165,210,172,206,119,66,179,250,238,86,24,76,247,238,195,102,122,136,150,142,94,145,206,243,243,150,111,172,128,150,81,201,186,172,122,86,150,186,128,73,73,52,37,29,40,40,27,23,23,31,66,40,23,35,86,186,172,94,136,179,150,110,113,142,165,136,165,203,186,131,122,165,212,228,210,215,215,206,215,225,192,179,179,192,187,195,212,197,225,206,203,207,145,186,179,194,197,139,157,192,201,150,102,196,157,150,160,196,192,186,186,142,142,157,222,232,181,215,192,179,172,119,142,206,136,165,179,130,119,150,119,139,119,96,94,136,119,181,206,225,206,197,150,130,142,142,192,152,128,128,102,86,81,52,46,86,122,110,150,142,150,172,174,136,110,110,192,165,110,88,113,142,167,86,104,88,128,174,181,128,207,157,110,110,110,102,128,174,172,157,110,128,83,128,75,157,136,136,88
172,192,158,119,150,201,201,219,186,179,201,186,195,201,201,172,201,228,207,192,210,201,128,201,222,186,186,186,150,192,165,179,179,201,195,165,172,128,128,150,201,186,179,128,102,192,158,226,219,187,158,172,165,128,94,165,194,192,186,186,219,102,194,81,94,41,111,119,86,35,23,74,86,94,111,29,94,142,52,46,102,94,206,195,172,150,102,111,119,59,23,23,94,216,158,35,40,66,69,128,210,219,195,179,194,225,219,238,242,228,206,242,247,240,220,225,236,186,128,158,142,172,131,68,186,192,142,86,88,59,59,55,136,206,206,192,195,236,228,152,102,172,74,102,94,102,94,88,88,94,74,16,66,210,160,94,105,66,228,245,222,102,42,105,251,225,219,48,150,231,158,165,158,192,231,243,207,165,181,94,73,157,66,136,94,86,66,66,150,145,86,94,136,66,52,46,35,54,52,19,46,94,94,81,52,119,128,152,186,119,122,172,186,128,110,150,165,165,142,192,215,150,128,150,219,242,231,181,157,219,210,186,195,186,210,206,157,192,201,197,222,210,210,203,179,201,181,201,186,172,187,179,165,136,150,142,119,136,172,210,172,157,179,175,160,165,206,206,201,110,165,194,157,139,150,150,172,192,128,136,157,181,88,102,142,102,110,130,130,139,215,215,172,102,142,86,73,119,186,157,113,113,59,40,88,29,102,66,136,122,96,119,136,187,220,179,136,179,110,186,110,48,119,130,86,142,96,81,119,81,94,119,186,174,136,119,150,150,94,119,157,86,66,59,88,128,110,110,96,128,102
205,179,150,172,81,128,192,168,186,201,192,158,201,214,195,165,214,228,219,210,206,195,195,219,206,186,186,158,137,186,186,158,172,172,142,137,165,172,102,172,195,186,142,158,59,128,222,158,158,150,150,172,150,150,172,165,195,195,158,160,119,158,74,111,66,41,111,55,35,29,32,35,62,59,86,74,74,66,86,81,165,165,179,142,111,62,94,81,94,81,27,23,66,201,214,74,41,59,66,102,192,179,201,150,158,220,202,222,225,206,216,248,251,236,231,222,201,186,111,136,142,119,111,172,192,187,119,111,105,111,52,94,172,206,179,194,228,206,201,195,74,55,119,86,46,119,150,142,142,74,59,52,66,214,226,111,66,150,234,250,236,142,46,94,252,192,111,102,179,222,179,152,142,201,234,234,186,76,186,225,165,128,172,179,186,172,66,136,94,59,27,119,73,131,150,73,40,73,46,52,94,35,136,94,128,128,157,157,192,179,86,136,152,165,172,142,160,186,187,197,179,210,179,207,243,219,219,172,206,206,165,206,225,195,192,201,157,136,210,212,179,210,207,142,179,186,181,194,150,206,165,130,142,165,152,130,145,152,165,186,207,192,186,165,165,165,186,192,186,94,157,157,136,128,102,130,192,172,150,130,150,142,179,157,186,102,110,73,110,122,165,216,172,73,52,139,144,128,172,136,102,94,83,15,46,94,86,94,150,75,128,119,128,152,142,113,144,174,119,81,83,66,52,142,94,75,86,66,119,86,73,150,196,179,172,167,136,128,139,172,215,113,54,54,94,102,48,102,86,94,94
195,158,222,35,186,74,192,145,236,150,119,201,158,145,195,201,179,225,231,219,201,195,214,242,231,201,168,179,179,194,182,165,179,179,137,165,172,172,142,158,150,179,179,165,158,165,137,81,66,142,195,158,142,165,228,219,137,187,179,165,119,128,66,119,46,59,32,35,42,41,74,41,27,23,94,179,20,23,142,102,195,59,74,94,86,52,66,86,74,86,41,16,81,165,186,111,41,48,81,128,150,179,158,86,136,158,128,76,142,150,194,234,249,239,219,222,186,195,119,102,111,214,74,158,158,192,86,94,68,94,102,81,119,158,197,186,165,210,201,142,111,59,66,74,94,172,206,207,210,172,114,160,195,242,238,139,102,175,214,225,214,35,27,165,234,248,96,131,128,119,192,222,179,179,222,201,165,165,195,215,201,181,195,139,222,219,81,102,46,102,111,157,94,73,111,88,66,31,52,119,46,40,142,150,186,219,172,192,128,192,119,119,145,172,186,172,160,201,206,210,195,215,222,239,225,215,215,215,206,181,215,228,216,172,186,210,172,165,206,195,172,187,102,102,172,187,186,152,128,186,187,142,150,150,128,119,139,142,157,142,172,215,192,157,187,181,186,186,167,181,165,122,94,94,102,165,150,150,152,119,136,119,94,196,172,113,113,81,46,150,222,210,157,73,66,81,130,136,94,94,119,110,66,52,81,83,83,150,113,122,119,81,81,81,83,94,88,96,165,75,119,139,139,179,172,144,110,31,86,68,73,197,229,196,172,172,150,142,201,142,225,119,42,66,110,42,128,86,35,19,113
165,192,128,150,165,219,66,201,172,158,142,150,192,195,179,195,158,216,229,201,233,210,219,236,228,214,119,219,179,150,150,194,192,172,172,179,137,102,137,128,111,195,182,137,128,158,150,150,158,179,210,158,158,214,201,182,179,179,137,86,86,119,122,97,94,35,81,74,27,94,128,59,27,32,35,37,42,52,86,150,111,86,23,59,94,41,41,94,32,88,46,52,94,102,111,172,94,35,81,142,192,168,102,128,86,119,59,40,66,94,158,210,225,232,214,207,206,192,94,102,186,86,102,94,150,158,102,139,105,111,86,66,81,142,172,142,158,210,172,172,195,119,102,136,195,94,202,238,234,252,248,234,244,225,186,160,105,94,139,136,128,66,27,136,239,210,128,136,210,210,186,113,165,179,142,158,179,160,165,228,236,236,210,225,179,160,128,111,102,105,46,86,157,88,35,81,86,88,81,52,66,139,179,195,195,136,186,119,172,172,157,179,201,142,201,222,192,201,234,244,202,186,210,206,219,228,186,212,195,165,226,206,186,165,201,207,172,165,179,179,142,128,66,136,165,179,192,105,122,172,197,136,122,142,94,73,119,150,136,110,157,210,186,150,179,187,179,179,160,181,186,110,102,136,179,181,150,119,142,128,139,113,73,142,150,172,102,102,94,142,197,186,128,102,128,136,136,144,86,102,94,102,35,110,73,42,102,102,128,81,40,66,83,66,59,94,157,157,128,142,150,165,130,186,181,40,59,110,102,75,81,234,225,192,160,102,110,142,142,186,192,88,52,59,37,81,73,52,59,61,94
165,214,165,142,197,172,160,197,105,179,81,226,182,219,172,186,242,233,219,231,236,210,165,158,205,172,201,165,158,128,119,231,158,172,206,206,119,74,111,210,165,137,119,122,137,128,158,182,194,175,219,232,192,150,128,142,194,119,86,94,128,158,59,59,81,102,59,128,86,52,81,52,66,81,46,81,111,55,32,62,41,94,46,32,41,66,52,74,74,81,102,102,83,46,119,195,152,27,16,114,158,136,83,94,119,128,40,86,83,66,94,210,186,231,219,165,210,186,74,102,136,136,86,136,160,128,136,66,165,66,35,94,105,94,142,165,145,172,152,186,195,224,192,214,195,119,158,214,234,245,253,248,214,158,186,232,165,96,142,142,102,86,76,145,165,145,152,240,225,192,175,172,206,186,128,94,119,111,157,210,201,122,145,150,157,48,48,94,66,66,83,111,88,35,29,73,81,86,52,10,66,179,206,201,219,150,179,157,172,131,157,175,172,179,165,215,216,222,238,225,145,206,179,197,225,179,228,172,219,136,195,152,212,167,136,172,179,142,172,179,128,94,157,128,150,172,136,157,136,136,119,102,128,150,86,75,119,136,94,150,172,102,157,179,187,165,192,179,142,192,167,157,179,179,157,157,145,110,130,128,128,110,119,142,172,150,110,119,122,128,179,187,150,113,157,172,142,139,88,73,94,119,102,86,68,81,48,35,59,46,81,61,81,122,104,150,210,157,142,157,157,187,160,40,165,104,86,110,40,61,142,196,192,179,119,59,139,172,113,73,88,66,75,94,81,119,102,110,119,110,128
128,165,119,210,165,187,142,122,158,158,179,172,172,195,192,205,224,233,226,222,236,222,142,219,201,219,111,225,111,168,175,186,210,102,224,179,119,128,206,247,195,81,122,89,128,145,172,179,210,179,192,219,206,165,119,119,128,119,111,86,119,89,94,128,66,186,119,74,111,97,86,81,66,74,119,102,52,74,41,42,41,29,32,41,35,74,46,52,94,86,81,97,86,52,81,195,165,32,4,55,81,119,66,86,94,102,94,114,83,52,86,219,225,201,195,142,192,158,102,86,119,192,52,192,145,142,160,158,46,74,74,122,94,52,74,136,94,94,150,158,222,202,238,165,194,150,119,94,195,158,175,201,179,172,219,228,195,142,94,136,94,207,83,158,179,113,220,234,201,88,219,192,119,158,142,59,59,66,73,111,157,42,94,128,73,52,73,59,40,61,81,73,42,40,46,76,81,81,94,139,165,150,186,194,172,150,136,142,136,165,186,150,96,86,195,215,201,179,194,219,195,172,192,201,206,197,222,186,165,195,150,175,210,179,145,179,179,165,179,195,110,165,165,102,136,179,88,172,88,142,86,102,119,128,119,110,128,142,119,119,150,157,186,165,192,179,207,157,179,192,142,172,157,150,128,128,145,102,94,136,104,73,122,142,150,119,110,110,88,142,186,186,142,86,119,157,139,119,136,88,83,160,119,59,113,75,27,40,42,75,130,86,102,192,192,152,136,86,96,174,179,150,130,197,110,160,86,66,54,86,46,142,201,196,136,61,86,172,122,73,88,119,119,46,73,102,94,119,128,48,80
128,179,150,150,205,179,142,102,186,225,179,172,194,128,186,224,219,150,172,222,214,210,192,142,228,153,240,206,119,172,222,150,128,192,165,172,172,240,228,172,206,142,128,102,119,179,158,195,225,175,94,179,192,158,94,74,59,59,111,74,195,222,247,142,195,158,187,137,66,86,94,59,23,74,150,74,59,74,128,24,74,158,52,32,52,35,27,86,59,35,35,66,52,74,128,139,59,32,27,41,19,27,86,131,86,81,128,102,59,119,225,228,219,142,172,186,114,136,158,136,119,128,74,150,165,128,128,142,32,86,74,66,66,66,74,74,66,86,145,195,195,128,150,81,94,102,83,66,74,27,23,128,210,150,165,210,195,122,94,111,195,244,201,244,86,150,152,192,194,179,165,224,165,150,136,102,119,111,83,111,81,119,48,66,66,73,94,40,61,40,27,59,119,86,83,73,102,86,46,113,136,102,145,160,165,197,201,179,113,160,128,102,150,157,122,157,192,215,222,228,215,210,201,186,201,172,207,201,165,215,181,192,157,157,192,172,142,179,186,172,179,167,128,145,102,150,157,81,165,136,94,88,102,130,119,122,136,179,157,96,142,201,119,142,203,175,201,145,119,136,145,102,94,104,128,136,94,73,110,119,88,83,136,81,81,102,128,81,81,142,157,142,94,73,102,136,102,86,136,119,119,142,94,94,86,75,35,54,122,86,81,110,144,220,210,128,88,81,81,150,215,192,212,223,234,201,160,113,86,59,59,68,167,219,179,119,130,150,179,157,172,172,179,104,136,83,52,119,59,110,66
142,179,150,128,128,150,172,172,192,205,182,179,179,172,205,205,175,179,192,210,195,202,233,192,205,225,210,186,179,119,142,128,111,140,137,158,186,137,192,201,102,94,128,81,111,172,145,225,128,94,94,165,119,119,102,41,86,102,94,192,214,233,231,142,172,74,128,81,94,46,46,66,52,27,59,111,46,46,105,128,111,102,23,119,81,74,27,81,86,66,52,41,52,41,94,59,35,66,81,35,10,94,165,81,128,97,94,142,186,210,222,172,128,111,175,172,142,158,136,139,94,81,102,142,119,66,81,119,81,46,86,59,46,74,86,81,74,74,128,214,172,52,86,139,119,111,74,52,81,66,81,66,128,119,131,179,158,158,102,150,222,224,240,201,136,150,158,206,165,136,81,179,192,172,136,119,172,168,102,150,52,111,76,128,54,66,13,59,111,29,59,165,142,86,81,35,19,128,157,142,128,150,94,145,73,136,145,172,212,150,150,150,157,145,150,179,210,206,192,201,215,187,187,119,236,238,206,202,157,179,216,215,172,206,181,165,165,172,142,186,215,94,110,136,102,128,131,102,165,81,102,81,102,157,96,122,150,175,142,96,150,139,86,110,179,186,142,167,59,128,150,128,96,73,128,136,83,66,136,86,94,119,136,83,83,136,128,68,110,130,165,113,83,102,81,66,66,86,136,142,102,102,66,81,46,86,81,75,102,40,59,122,157,206,196,94,81,102,59,102,240,222,194,219,234,226,174,122,73,35,83,119,110,186,216,157,94,142,186,186,181,165,165,122,66,102,113,86,110,66,94
175,179,186,233,172,158,172,142,128,214,205,158,137,172,197,179,201,222,195,192,210,222,231,210,192,214,165,165,172,122,128,197,192,102,59,74,137,165,137,97,119,102,119,102,192,119,195,165,119,83,165,119,41,19,81,52,74,158,192,222,142,137,74,195,41,52,52,86,86,74,62,74,81,59,41,102,62,35,33,46,74,102,46,142,35,41,23,59,32,66,48,27,35,46,59,81,86,66,32,35,23,74,172,142,136,179,165,152,142,142,128,111,94,74,74,158,179,186,86,128,86,88,145,119,74,66,74,119,111,59,86,66,40,83,102,76,81,74,111,172,172,179,186,119,179,192,158,131,219,207,206,94,52,74,52,66,128,172,201,201,206,206,219,202,172,136,212,136,119,102,119,202,186,165,157,192,201,119,225,119,157,94,119,40,128,52,81,66,52,52,66,86,59,88,76,27,23,52,165,119,145,111,119,94,119,142,186,206,186,165,172,142,119,136,142,160,181,201,234,219,192,165,179,128,239,250,195,160,157,192,175,219,201,172,192,195,195,157,136,142,139,128,102,119,175,119,66,102,94,86,73,81,102,136,130,130,165,102,94,128,119,94,128,81,179,142,86,136,145,119,136,119,122,102,81,113,110,102,139,102,86,196,110,119,110,175,52,110,102,52,119,139,128,102,61,40,86,128,150,157,37,110,42,88,31,86,104,46,54,66,54,96,157,186,165,128,86,94,42,119,157,136,203,157,128,172,139,66,66,102,110,66,52,136,219,181,86,102,172,130,119,136,130,86,96,102,40,66,122,46,113
165,142,195,238,137,168,81,119,142,214,233,137,165,165,172,179,186,225,240,205,231,222,172,205,192,192,179,179,119,137,137,128,111,150,142,102,137,150,66,46,81,111,172,131,128,172,172,172,158,150,172,119,102,86,66,140,137,222,201,74,52,41,32,94,19,46,32,102,66,150,59,74,102,86,46,111,102,35,27,81,81,52,46,74,94,111,59,35,86,81,32,16,66,86,46,40,81,35,52,94,66,158,228,142,206,219,225,150,32,68,102,102,86,46,74,128,145,59,86,86,88,119,136,136,66,59,74,158,119,68,66,88,52,52,88,74,94,76,52,136,228,210,131,128,158,165,179,186,234,228,238,206,111,42,24,42,68,158,220,219,214,158,181,214,186,168,158,136,119,81,158,168,201,210,172,192,197,207,186,172,195,142,150,48,128,81,102,76,33,88,139,76,111,81,42,59,86,102,111,157,81,165,210,119,102,179,94,197,142,215,150,179,110,228,210,136,192,239,142,201,222,165,186,215,201,165,195,192,219,207,192,207,228,192,194,172,142,165,150,150,157,181,119,172,179,113,59,94,86,66,59,86,122,113,94,128,165,113,94,113,102,86,128,136,102,83,86,142,195,73,94,81,68,105,81,88,128,128,110,94,110,142,110,119,88,144,75,130,81,81,73,142,119,86,68,94,139,104,104,110,31,104,73,88,35,61,35,66,94,86,46,73,165,179,172,119,102,81,35,110,61,144,113,102,75,122,96,59,139,110,81,102,73,128,172,142,128,102,110,130,94,128,144,102,86,59,52,40,113,68,61
94,150,142,128,128,150,74,205,111,165,222,179,186,128,158,195,168,207,231,192,205,192,172,205,219,142,179,119,137,128,66,128,150,128,150,137,66,46,137,137,59,142,179,165,137,214,186,186,192,210,206,128,119,105,94,192,220,172,111,32,23,37,35,35,66,32,86,35,102,81,59,86,94,81,94,119,94,81,81,66,119,41,52,46,128,142,81,35,66,81,52,46,81,81,66,86,46,27,59,52,128,42,142,179,243,172,158,94,102,105,102,86,81,74,74,136,81,59,27,122,102,179,150,81,52,76,81,158,74,102,102,102,102,52,94,114,52,27,81,165,197,52,81,111,46,32,128,179,219,243,242,236,201,81,52,74,142,192,206,228,222,192,206,195,195,158,119,111,102,119,145,165,172,214,195,201,172,142,210,150,150,165,88,81,119,111,73,128,81,59,192,194,111,59,42,86,111,73,94,172,157,128,150,157,150,119,195,201,195,142,179,165,195,157,194,192,157,181,243,225,210,172,222,192,186,187,231,122,201,206,201,192,206,194,157,136,122,142,186,179,128,136,128,142,136,73,150,88,83,88,83,86,102,128,128,86,73,122,110,52,110,122,142,102,59,73,139,157,86,75,81,59,54,73,119,104,113,110,73,83,110,102,119,102,73,142,157,88,102,139,61,88,119,142,88,119,128,86,81,86,40,86,81,52,66,81,27,165,157,42,52,81,196,196,119,81,94,81,59,81,94,110,46,59,86,94,59,73,94,86,150,196,128,86,110,102,130,96,59,179,122,179,194,150,136,52,31,27,81,110,59
94,158,102,94,137,182,150,179,66,137,210,172,119,142,172,179,219,220,172,186,214,131,192,128,195,228,142,142,128,94,142,172,128,105,137,131,158,172,165,195,165,142,153,128,168,231,238,195,150,206,142,128,119,158,119,119,111,119,111,46,27,55,59,27,94,74,27,66,86,35,74,74,46,81,59,94,119,140,111,111,137,94,59,27,102,119,81,42,52,46,66,81,74,74,86,86,35,35,81,105,46,86,172,219,172,40,86,111,94,86,150,111,102,94,88,165,142,88,46,192,179,119,74,158,150,59,111,59,119,111,59,66,94,94,88,111,48,23,81,52,52,55,81,16,35,19,81,150,214,244,240,225,226,179,136,195,225,231,231,186,201,214,192,186,179,128,94,86,76,158,179,136,145,179,222,186,128,122,179,128,142,136,66,46,52,94,94,59,66,102,136,145,136,136,48,40,102,113,102,186,157,86,136,195,142,197,186,142,197,179,195,150,119,215,192,179,172,210,201,210,231,172,215,206,202,192,186,192,222,175,215,234,186,201,226,172,165,172,86,167,94,172,142,94,110,110,172,157,128,131,102,59,105,157,81,66,81,73,142,119,130,167,167,110,73,86,102,40,40,102,81,54,102,110,145,119,104,81,59,75,128,142,81,66,130,165,165,110,88,119,86,119,157,157,128,128,104,110,102,54,40,52,35,48,88,59,61,165,110,86,52,66,167,157,102,86,86,142,86,54,88,59,59,52,48,83,52,104,130,136,186,150,86,46,66,110,172,102,157,240,196,174,172,203,130,27,40,75,94,104,68
119,102,102,128,150,158,186,137,86,172,192,214,94,172,192,195,222,214,186,222,225,192,210,186,186,214,179,150,94,137,158,195,137,128,122,86,142,201,179,186,201,179,186,158,179,242,165,172,142,111,94,119,16,32,81,52,52,27,27,35,62,41,66,81,102,74,35,69,41,59,81,81,52,32,59,66,86,119,142,150,158,86,74,69,119,128,66,52,37,27,74,74,59,66,102,94,66,66,35,52,111,136,128,150,142,86,158,136,152,122,158,186,214,201,86,128,172,128,136,128,142,74,142,139,139,76,128,52,94,105,81,59,46,46,66,86,59,37,27,35,52,96,35,9,27,19,81,187,219,242,238,194,195,214,226,232,219,245,225,172,201,194,172,145,142,122,86,111,165,158,192,181,119,150,207,197,136,136,119,168,195,94,73,59,96,150,86,46,73,111,128,119,165,165,86,40,59,61,139,150,128,150,145,172,179,136,172,212,195,187,136,136,110,172,210,160,186,202,219,192,210,219,226,192,201,201,139,128,210,142,186,206,192,215,192,181,172,179,150,66,128,102,150,157,128,102,86,224,150,150,54,66,186,167,119,59,68,73,130,195,172,172,122,139,136,81,68,81,81,94,128,83,119,128,136,110,94,110,66,102,119,104,86,102,104,142,128,86,86,102,136,142,128,128,113,86,83,113,66,66,86,86,88,73,46,48,86,86,94,136,113,54,102,157,172,130,94,179,179,104,94,75,113,66,23,46,94,172,181,157,152,110,73,59,66,119,157,186,242,250,236,174,225,238,128,23,119,81,96,80,150
111,128,150,158,158,158,205,150,137,172,214,233,119,142,205,207,186,205,225,219,222,220,201,234,158,137,165,140,158,137,150,150,179,94,102,94,137,186,172,195,222,192,179,128,186,195,210,145,81,69,46,33,27,66,81,52,46,52,41,76,66,41,94,94,102,35,41,89,46,81,55,41,137,111,74,81,97,119,158,165,165,179,102,137,179,145,111,74,42,52,66,41,33,81,94,102,119,59,27,74,136,142,128,119,86,97,111,128,172,150,168,195,210,186,175,136,88,111,86,136,142,66,128,111,66,111,88,111,74,111,86,81,52,52,74,59,86,94,23,81,76,35,13,32,13,40,136,219,210,219,210,158,165,201,222,232,212,222,142,234,201,195,186,86,128,102,73,128,201,172,225,179,59,128,195,186,172,165,150,179,202,119,96,142,142,206,136,73,142,128,102,128,136,119,73,52,81,136,192,150,66,128,172,157,165,195,165,157,136,157,186,165,181,202,165,179,186,186,150,195,195,225,197,201,215,192,194,179,131,165,119,157,222,215,201,186,157,102,165,157,35,145,128,175,110,81,110,119,130,66,40,119,94,110,94,52,46,73,105,201,142,139,102,73,105,122,157,130,150,94,119,83,83,102,119,94,48,86,81,94,66,86,142,128,54,130,59,75,113,122,59,139,102,110,52,54,119,68,46,119,119,128,150,86,35,31,68,86,102,187,150,52,81,172,196,142,130,203,236,229,196,160,94,96,113,81,130,172,167,192,136,136,75,52,66,128,186,206,232,244,226,203,240,203,104,59,128,66,102,73,157
175,137,179,150,192,128,165,195,128,165,210,192,150,150,195,214,179,195,205,210,192,172,192,225,128,102,128,140,179,86,111,137,201,137,111,172,158,145,195,232,236,201,137,111,128,158,158,94,66,74,10,81,32,102,102,52,32,42,52,52,74,59,94,94,111,19,52,142,66,66,74,165,111,66,105,111,165,142,142,210,214,142,165,186,150,181,207,74,128,111,41,48,46,27,59,32,23,35,74,142,165,136,139,88,66,88,136,165,195,192,172,158,172,186,150,74,59,59,81,83,68,55,114,111,81,74,86,94,96,46,119,128,96,102,136,111,102,131,94,48,66,46,55,37,32,94,145,192,187,172,202,139,131,179,187,195,202,165,158,219,142,186,111,142,52,86,86,158,150,219,179,131,73,119,195,181,197,195,111,179,187,111,172,111,195,215,157,128,172,119,102,136,122,73,83,142,131,150,157,157,73,157,172,186,165,201,157,75,94,157,172,139,119,172,150,157,172,206,206,207,216,210,172,186,201,219,181,192,139,145,122,128,195,206,172,119,167,201,142,102,136,119,172,94,37,27,31,96,81,66,102,81,110,52,40,110,152,68,66,81,157,81,142,12,66,136,94,157,122,81,102,59,139,110,86,119,110,110,136,73,136,167,68,75,81,66,75,136,94,94,75,119,130,66,73,104,122,46,119,119,128,110,40,73,52,27,42,61,165,128,128,73,102,165,192,136,73,172,242,237,219,192,179,172,215,179,110,119,150,196,172,142,139,73,66,165,186,179,201,192,179,192,192,142,94,94,102,96,110,102,165
158,150,111,186,192,94,150,179,142,119,165,186,165,137,158,195,195,179,195,186,150,150,172,160,137,137,128,158,186,150,158,137,179,186,172,219,232,201,137,179,222,179,119,102,66,59,111,119,66,23,59,35,94,102,102,52,46,46,94,66,35,41,83,83,52,111,32,81,46,81,172,119,179,81,128,150,150,186,206,201,150,201,201,158,136,165,210,201,179,86,74,128,32,81,27,23,52,136,172,192,128,94,81,66,86,102,179,150,210,192,142,119,186,201,142,66,52,59,105,88,81,111,119,81,76,94,66,97,119,111,94,111,111,119,158,136,94,102,136,86,119,119,59,66,136,96,128,145,192,222,136,86,119,158,142,172,224,142,142,119,111,128,111,66,40,94,81,168,142,150,131,142,142,105,165,201,201,172,102,152,172,86,136,83,150,181,157,142,119,150,128,139,119,94,86,111,81,142,157,142,172,119,111,157,111,172,142,142,86,157,139,128,150,165,150,142,179,195,172,179,195,186,192,210,172,231,165,179,186,136,119,150,136,145,165,142,165,201,195,157,142,136,128,86,48,59,40,33,59,73,105,113,52,29,52,119,110,75,35,48,110,96,102,122,54,75,86,52,46,142,86,102,128,94,130,128,119,128,128,157,110,102,157,110,110,52,157,122,167,128,94,102,102,52,110,136,61,110,150,68,86,94,23,81,66,29,46,94,136,73,110,81,81,142,136,81,37,73,160,128,119,128,150,225,207,222,150,179,186,150,142,136,160,94,73,122,150,157,136,144,167,136,110,136,88,54,59,122,102,121,157
150,186,94,172,81,158,86,172,128,105,201,201,172,119,137,158,165,205,186,182,179,172,137,142,150,137,158,128,175,195,192,150,172,222,236,238,242,214,94,137,179,111,137,111,66,41,102,94,27,29,66,94,59,46,94,94,37,32,66,52,32,66,35,52,66,81,111,27,81,111,145,94,158,137,94,145,142,168,192,137,186,210,165,172,119,192,119,165,192,172,136,86,81,150,46,19,142,201,145,66,136,142,94,165,111,150,168,128,94,150,136,131,201,195,142,74,52,66,83,94,119,94,128,102,74,119,102,66,111,111,66,83,128,102,46,74,111,119,119,119,128,150,136,192,165,66,81,136,119,172,192,142,122,105,172,206,150,59,86,119,119,94,40,23,102,62,37,119,145,86,102,119,94,102,145,186,150,136,145,86,88,66,52,73,46,136,128,76,40,128,145,150,131,111,66,31,76,165,157,179,186,119,119,66,136,113,201,136,122,172,172,150,150,142,181,179,136,172,128,186,128,224,210,212,192,219,215,187,179,172,165,165,165,150,165,157,136,179,175,81,102,73,54,94,102,52,59,46,59,66,59,110,113,102,102,130,86,66,136,139,128,179,206,172,81,136,86,181,81,110,150,119,110,119,102,86,102,113,119,136,66,59,104,94,102,104,86,172,139,136,66,119,54,94,94,94,102,73,119,83,52,86,83,73,46,40,52,102,73,139,81,142,130,110,66,52,40,23,52,46,66,81,102,219,192,179,179,215,225,136,136,110,136,73,83,86,86,102,94,122,110,73,130,139,46,73,75,73,102,119,102
192,195,172,111,165,94,128,158,150,186,201,236,179,142,145,142,119,179,172,179,172,158,186,186,172,205,158,102,158,172,195,210,179,242,245,207,175,172,158,128,165,102,97,102,102,35,66,52,66,52,81,74,35,42,94,94,46,74,59,35,32,35,35,83,81,52,137,81,59,89,150,150,128,158,102,145,195,165,150,150,152,179,136,179,158,111,94,192,165,158,206,192,145,168,179,128,128,158,102,142,175,165,94,86,142,119,179,142,158,59,195,119,187,195,128,59,59,35,46,122,158,59,122,136,74,35,66,165,136,105,81,105,111,74,86,111,102,119,83,158,119,158,102,201,210,59,66,179,142,150,194,165,181,175,111,119,158,119,111,102,145,46,55,150,55,19,66,94,136,150,73,81,122,94,136,142,68,86,150,102,73,105,68,52,46,73,113,32,52,128,152,150,102,102,94,46,81,145,152,201,128,172,142,61,73,172,157,128,128,136,165,186,139,172,179,157,110,102,186,179,195,195,192,150,186,215,172,210,186,197,179,167,150,179,172,150,160,165,119,88,128,110,35,81,110,94,119,96,35,102,94,81,73,52,81,128,102,94,160,201,236,224,215,186,150,212,222,181,150,136,165,68,37,68,86,66,40,83,136,113,73,73,81,104,102,66,59,142,119,81,136,102,54,59,86,122,86,81,142,142,94,128,86,88,52,31,40,75,139,165,157,157,142,52,66,81,31,27,86,52,52,66,165,75,203,81,197,206,201,216,179,122,104,122,94,81,86,94,73,88,83,83,122,139,46,94,94,40,128,80,52
210,142,168,205,74,150,137,142,225,233,145,214,201,102,128,94,111,158,142,102,142,165,179,205,222,201,165,186,195,219,179,225,158,219,225,195,165,131,119,81,128,59,35,142,111,41,59,46,74,41,74,27,81,35,27,74,111,165,111,27,27,46,52,94,111,119,137,150,102,86,158,158,137,142,119,158,201,165,175,165,142,165,142,165,172,142,136,119,94,210,210,145,142,136,145,136,150,150,165,128,81,76,142,86,192,142,186,160,94,195,142,150,201,158,46,35,74,46,46,94,158,102,52,139,119,19,86,207,102,111,142,59,66,102,119,119,111,102,128,119,74,136,136,142,186,86,86,142,142,172,192,192,206,206,175,179,128,66,102,94,86,42,81,119,48,46,88,86,55,73,111,172,142,94,142,136,24,76,202,142,119,128,94,94,59,86,96,40,86,160,201,145,119,81,96,119,83,94,119,119,119,186,94,94,96,179,119,145,142,157,150,150,157,165,139,128,165,136,172,172,215,152,186,172,179,165,186,210,136,215,131,175,165,179,215,179,165,150,119,128,150,31,46,42,110,54,128,52,113,66,136,96,52,136,142,86,136,110,88,186,242,234,222,201,136,224,228,219,179,157,83,66,61,136,128,110,128,113,128,110,73,59,96,81,66,83,128,73,128,136,110,81,59,73,66,73,94,86,119,142,54,86,157,86,86,40,94,128,210,196,128,119,172,104,86,59,52,40,73,86,29,73,174,86,192,165,165,196,179,215,160,136,113,157,128,86,119,142,144,144,110,130,94,139,35,73,35,94,94,113,73
172,94,179,201,142,201,197,214,201,119,142,172,210,137,122,137,94,131,119,119,150,201,205,158,228,186,186,214,195,233,158,158,158,128,179,214,186,89,94,81,111,32,74,86,114,35,74,35,86,41,83,27,66,59,27,86,165,150,81,41,66,86,59,119,128,128,172,172,142,137,179,172,142,150,158,158,168,179,150,128,172,158,160,165,179,172,136,150,136,186,136,119,150,150,165,119,150,145,119,172,158,128,97,111,142,139,97,150,128,201,165,187,102,128,74,88,52,86,83,52,86,74,111,102,97,66,111,9,165,86,102,46,128,128,128,139,66,102,202,136,74,111,81,81,136,111,66,96,86,86,186,195,136,119,172,201,150,136,128,111,66,81,68,48,102,52,24,81,73,86,157,136,142,172,172,96,24,145,142,81,113,111,81,128,81,27,94,81,88,179,222,172,66,48,111,165,86,102,102,88,142,150,81,150,150,128,131,136,179,194,157,157,150,102,139,165,165,165,187,195,186,136,110,201,83,119,157,195,186,207,192,165,179,136,142,172,110,86,165,94,94,40,102,35,102,59,157,33,128,73,139,179,136,96,187,157,122,96,81,202,248,234,215,195,145,242,186,225,172,128,52,86,73,59,119,128,150,110,81,102,102,136,119,110,119,165,175,136,110,119,119,113,86,68,88,88,75,113,102,139,94,46,113,35,46,46,66,179,206,142,102,142,174,165,86,94,128,54,54,110,40,94,157,122,152,186,157,192,172,128,119,152,139,136,160,179,172,220,246,222,110,104,96,142,52,104,33,165,119,119,59
102,175,150,119,192,210,195,102,102,128,205,205,207,210,94,59,111,128,137,172,150,231,179,205,214,192,140,201,205,225,150,128,150,128,192,137,59,81,52,86,119,32,150,27,128,23,86,46,128,32,74,62,66,94,41,86,152,74,41,74,69,119,187,119,131,186,128,111,160,186,192,179,119,186,165,128,142,150,139,89,179,150,165,137,86,139,119,158,150,142,186,179,195,175,168,114,119,128,136,187,179,150,111,102,111,94,52,160,214,111,142,142,158,66,74,59,94,86,94,81,86,102,119,35,74,128,35,136,128,81,88,111,111,128,142,102,128,128,165,136,86,81,52,59,128,59,102,122,122,66,136,172,119,128,150,160,187,165,128,86,48,73,81,59,66,86,35,73,62,73,73,128,179,187,142,201,157,145,73,81,86,131,201,66,160,37,94,102,136,186,157,81,37,52,136,165,86,105,150,145,157,172,157,150,119,122,172,179,186,201,179,150,142,119,145,181,165,195,201,179,136,86,102,157,128,110,145,231,222,172,186,142,139,142,157,152,142,128,66,73,40,128,81,40,31,68,59,83,86,172,210,186,228,239,225,215,113,81,86,179,195,238,150,194,197,222,242,201,119,86,66,48,86,160,139,102,136,119,102,81,102,73,142,165,110,119,128,113,167,113,136,119,66,73,46,88,102,83,102,102,73,52,31,73,52,75,52,122,75,94,144,136,139,157,119,102,142,81,68,73,75,81,94,75,66,150,165,128,128,113,102,136,179,196,215,225,225,245,247,186,81,66,150,150,150,139,110,157,136,104,61
195,111,158,201,119,137,172,94,119,186,192,214,210,195,137,89,137,202,195,165,150,158,158,195,175,242,179,186,201,210,94,83,102,219,197,52,21,89,81,42,94,52,102,76,94,32,86,94,86,23,83,66,59,42,74,102,105,52,59,59,86,158,165,102,137,201,74,165,160,179,142,158,94,150,119,145,165,102,97,119,137,128,181,142,114,150,119,145,179,150,195,201,172,158,150,119,102,142,111,150,158,119,142,122,145,74,40,136,150,150,158,145,66,59,102,102,102,81,94,81,86,102,86,102,111,128,128,119,119,102,136,119,48,165,142,96,145,128,86,102,102,86,105,76,40,74,128,139,139,48,111,142,179,119,86,122,165,158,86,102,81,35,68,111,40,119,102,42,81,94,86,136,157,142,179,187,222,59,66,111,76,136,142,119,102,94,68,52,86,150,102,54,52,76,119,179,157,94,142,187,187,165,186,157,110,194,150,150,210,187,102,113,150,136,110,150,172,172,179,192,136,94,172,186,136,119,195,215,210,165,142,157,165,165,165,150,119,81,68,59,66,128,73,40,66,66,86,110,142,179,215,210,157,192,222,167,81,66,142,150,212,207,201,145,192,225,236,136,201,52,73,128,136,86,94,144,104,119,81,52,144,83,102,128,119,66,86,110,73,94,119,86,66,46,130,110,86,66,81,113,94,46,73,31,73,81,52,31,66,186,136,128,142,152,128,119,94,130,142,73,59,59,59,102,81,128,102,81,165,144,96,139,192,229,232,212,223,215,139,122,94,96,152,167,196,165,194,150,94,83,81
158,195,86,66,165,137,186,186,158,225,231,214,210,201,192,122,142,142,172,228,210,179,172,210,186,219,233,142,195,233,210,150,158,150,102,59,52,19,27,102,94,46,66,52,52,86,52,81,35,46,74,32,66,46,102,114,86,46,74,142,122,128,111,158,74,137,201,165,128,150,137,94,94,102,119,165,119,66,102,128,142,128,187,81,150,52,150,111,179,142,158,94,150,119,119,142,142,136,136,136,111,158,152,81,105,128,35,74,111,201,139,66,119,59,59,102,83,68,74,97,136,102,81,119,81,136,128,81,81,128,111,86,81,111,160,74,81,136,81,96,158,150,142,172,52,62,128,136,142,142,86,102,150,102,94,62,152,102,59,94,73,52,52,59,86,111,119,59,68,102,128,119,94,102,128,131,66,86,73,59,150,40,66,102,160,73,111,122,66,145,172,128,66,66,128,187,181,119,122,160,150,172,119,150,157,110,73,186,219,142,75,73,81,73,75,86,128,110,192,195,142,150,179,186,150,145,157,175,195,179,172,186,142,136,152,110,66,66,86,86,73,110,94,46,66,73,88,136,172,192,210,179,105,119,142,119,73,66,86,157,210,175,194,157,194,231,234,167,119,130,102,172,157,150,186,220,150,73,81,73,86,136,128,94,142,81,42,160,122,73,94,73,160,160,52,42,86,86,31,96,52,104,31,73,31,33,94,113,75,48,81,142,142,142,113,96,128,150,165,73,73,40,54,66,210,110,83,119,86,102,119,119,207,197,165,196,186,144,59,86,102,110,150,207,219,201,192,150,52,46,86
158,150,158,137,179,195,192,201,179,216,222,242,231,179,153,102,89,225,239,219,228,219,222,186,225,187,102,122,182,231,137,46,111,81,35,74,41,81,74,59,81,52,86,102,35,35,66,27,41,66,59,66,74,35,52,66,86,111,81,114,145,128,172,179,81,150,172,128,131,150,142,97,102,86,119,179,145,94,119,119,158,119,172,102,142,81,136,142,142,136,102,131,74,94,142,136,142,158,142,128,128,186,62,81,111,102,33,66,128,128,81,46,81,111,74,74,86,102,74,81,102,66,59,81,83,145,111,59,94,46,122,86,94,94,86,102,111,128,128,136,136,160,128,102,94,46,119,206,179,128,179,136,94,136,158,119,81,119,111,105,81,86,37,35,150,102,94,86,66,102,111,94,86,86,111,105,59,46,42,86,157,81,73,86,23,86,76,214,157,94,136,66,59,73,86,157,157,150,192,110,128,192,73,157,110,136,96,179,128,150,94,52,110,59,46,73,119,142,150,181,150,136,94,172,150,102,119,175,186,220,195,165,139,142,136,59,81,119,94,110,105,75,102,86,86,61,110,150,172,210,210,172,110,94,94,145,142,86,102,160,225,240,212,192,206,236,228,206,88,181,150,194,210,192,172,142,130,96,86,119,160,73,110,102,165,136,94,68,86,102,75,86,104,110,86,66,81,81,73,59,119,66,46,52,27,94,46,142,35,46,94,119,136,94,68,128,157,142,73,35,113,94,83,139,167,122,83,136,110,128,157,192,219,172,86,136,207,165,59,104,86,150,220,228,234,206,150,94,52,94,68
228,165,186,94,205,214,240,210,240,249,231,111,119,142,128,165,179,222,251,145,233,205,186,192,172,137,69,94,94,137,41,35,66,41,27,74,83,27,86,86,53,41,94,81,81,94,46,81,66,59,46,66,66,46,52,52,74,102,74,59,122,142,131,152,158,150,150,128,111,142,94,150,111,102,111,150,150,119,102,137,128,102,165,94,142,186,128,142,136,128,136,94,119,102,119,128,150,165,102,59,136,94,131,136,111,66,94,66,111,74,52,81,68,86,86,119,119,94,76,62,97,81,66,97,128,59,86,186,35,94,102,94,136,145,150,119,86,102,119,102,94,158,150,179,111,59,179,201,52,81,150,136,73,136,187,186,142,94,111,119,102,102,86,33,66,111,111,94,66,81,86,105,86,86,86,86,73,52,62,73,119,119,102,81,52,94,94,201,225,172,111,46,23,59,83,139,187,172,131,68,172,128,136,128,172,86,136,96,157,172,119,110,139,73,59,102,94,157,142,186,94,81,119,131,128,142,160,160,215,210,165,165,192,128,96,102,128,113,157,136,102,66,105,110,52,29,52,150,216,231,222,215,157,165,207,187,201,142,179,234,237,238,234,172,197,216,186,145,142,172,128,128,139,142,110,119,157,186,179,187,194,207,160,179,172,136,130,94,119,81,66,94,86,52,81,61,54,130,144,59,35,35,23,94,119,68,46,102,102,102,119,119,130,136,40,59,122,110,52,48,119,94,157,160,179,181,86,142,128,136,136,150,139,66,102,203,203,174,172,179,192,167,179,206,150,142,102,59,52,68,73
165,219,66,186,219,245,244,222,247,219,119,111,94,102,119,165,228,247,236,214,205,119,195,186,205,53,165,74,102,41,41,46,41,66,59,94,128,32,27,69,66,66,74,32,55,52,86,94,32,16,66,35,32,74,74,59,76,81,97,94,111,137,119,114,210,214,128,142,137,94,137,150,158,172,128,137,86,86,128,102,97,111,119,86,165,186,165,142,158,136,128,86,160,119,128,150,139,76,66,88,119,86,192,165,81,102,94,59,46,86,74,102,102,119,74,102,76,62,111,97,81,111,52,76,119,35,122,83,81,165,66,128,212,142,102,66,86,128,119,145,128,186,114,136,142,175,192,197,128,158,74,201,136,119,210,136,111,142,66,86,119,40,52,102,119,55,102,136,59,88,86,88,52,54,66,66,81,105,48,33,168,186,102,73,59,81,142,172,157,131,102,81,40,102,175,119,165,215,197,142,186,110,86,142,128,136,136,157,195,136,86,145,145,102,94,110,83,128,142,136,96,73,81,81,186,165,150,207,224,179,150,192,201,142,86,136,110,105,157,119,167,81,119,102,59,35,61,157,240,246,243,248,241,220,228,187,142,122,225,234,181,239,228,197,165,195,102,130,165,142,73,81,73,61,81,110,172,150,160,186,128,174,212,206,206,195,195,81,59,104,81,102,86,81,86,40,35,119,150,31,13,66,75,73,96,52,48,46,83,102,119,94,102,59,59,40,61,104,66,59,94,122,102,187,206,130,46,110,234,102,40,110,68,40,172,243,234,206,219,234,216,219,142,119,142,86,119,81,110,73,86
225,214,186,222,233,243,225,137,94,102,175,122,137,86,111,195,202,231,228,214,160,195,179,187,158,128,41,119,66,9,59,128,158,160,94,53,94,86,48,74,41,142,27,74,41,150,19,52,66,81,27,35,89,152,66,46,59,66,142,66,128,140,150,86,207,66,172,94,179,131,111,137,137,142,140,94,66,94,150,119,66,119,111,158,192,175,165,142,150,94,66,111,128,119,128,136,131,66,81,102,119,136,150,179,94,119,102,119,74,102,74,81,111,102,66,102,119,86,74,81,68,52,46,59,150,59,74,76,111,136,111,74,172,136,111,111,119,102,76,119,128,86,76,165,142,202,111,202,136,142,165,197,179,195,179,206,201,128,81,86,66,55,158,119,40,102,102,73,165,35,52,94,73,40,33,81,88,40,52,55,111,136,102,73,48,105,136,136,66,73,119,119,105,139,157,119,157,195,139,172,172,86,128,110,61,110,119,157,119,66,81,66,139,142,86,128,128,128,128,139,81,40,37,122,150,181,192,197,194,194,142,128,145,165,94,61,102,110,29,136,157,113,128,128,131,75,136,150,206,186,186,216,206,194,192,142,73,83,179,142,119,215,179,181,150,179,142,142,119,110,102,119,96,59,46,83,94,81,157,110,142,150,234,220,225,212,157,174,88,94,96,66,86,113,73,29,81,110,113,86,35,20,37,61,40,73,46,81,75,86,86,59,81,119,113,40,27,59,46,96,157,210,222,172,197,152,73,130,150,73,35,61,81,104,150,216,219,207,179,203,179,172,144,88,86,142,186,187,83,73,54
240,233,210,172,179,160,102,81,94,122,119,137,150,137,86,128,195,233,228,153,158,142,179,150,102,59,46,102,94,59,59,119,59,74,81,27,27,97,41,94,41,74,102,46,94,74,41,35,94,74,74,94,59,66,81,59,111,142,158,210,186,102,150,102,86,89,119,41,175,111,142,142,137,137,111,74,86,137,150,128,94,152,179,165,150,128,119,102,142,81,59,111,136,81,88,128,111,94,81,66,128,158,83,158,145,94,83,128,128,81,94,111,74,66,86,131,158,128,40,66,86,52,74,94,119,102,59,105,86,119,102,105,158,66,136,119,81,74,66,81,81,59,81,128,102,181,186,194,128,158,128,158,201,219,216,210,202,150,128,86,81,46,81,52,73,111,59,119,62,157,73,35,73,27,76,68,46,32,40,68,46,94,157,66,119,122,179,119,24,73,86,111,136,142,175,160,119,128,157,165,165,94,81,83,113,94,88,131,157,59,48,139,172,119,110,110,94,139,119,66,105,61,94,86,110,206,172,216,179,179,179,136,110,113,110,54,68,68,54,48,31,94,119,150,75,136,119,179,110,46,37,52,94,128,130,102,59,83,86,94,119,102,165,86,195,150,145,122,102,167,186,195,192,186,113,54,81,102,152,66,119,201,122,203,179,206,181,128,152,102,136,165,136,73,54,35,66,104,31,66,83,75,27,33,35,52,94,48,86,113,42,54,110,94,66,66,46,52,81,157,234,206,144,201,203,122,81,139,94,94,31,40,139,86,61,150,179,139,179,186,122,142,157,73,73,113,226,210,113,136,59
231,195,102,59,59,59,111,142,111,128,119,137,128,111,86,142,210,192,195,179,111,97,128,86,41,111,59,46,119,86,48,74,66,48,76,81,32,35,119,119,69,86,111,111,76,35,27,52,142,102,35,32,128,41,23,86,119,201,219,150,192,137,205,94,142,158,46,52,41,102,172,158,137,119,122,111,128,94,94,172,172,128,210,150,74,136,83,94,139,81,119,131,128,111,74,128,119,74,128,102,66,102,66,119,119,81,83,86,114,102,128,128,111,94,86,128,168,168,86,68,94,111,111,94,102,94,86,102,105,128,119,86,102,74,142,128,74,76,119,86,37,42,59,128,160,150,186,111,114,105,150,179,201,192,150,165,136,150,139,66,52,59,73,142,150,81,150,66,192,111,46,27,35,46,94,94,40,96,81,66,119,136,35,122,66,222,165,66,76,23,102,27,194,142,165,150,83,136,210,111,68,128,139,94,119,86,66,119,96,42,46,110,172,113,86,59,94,142,86,119,94,94,81,102,139,157,206,195,119,119,136,165,68,81,145,113,48,35,73,42,19,46,94,81,61,136,59,110,54,83,33,61,110,73,52,59,61,102,81,119,86,66,66,75,145,150,119,165,160,194,222,237,201,150,136,86,110,142,130,128,172,122,52,122,119,150,150,165,195,174,157,179,119,59,52,46,40,88,110,61,81,19,142,31,59,27,66,61,81,150,73,59,119,119,86,66,81,110,102,136,195,228,165,203,194,179,232,201,144,136,119,136,150,94,94,73,128,73,81,196,197,86,40,81,94,157,196,196,179,86,68
74,86,86,66,46,119,119,165,137,137,128,128,128,94,128,128,158,179,172,158,102,46,32,41,81,102,81,53,111,66,46,46,46,74,46,66,66,32,74,46,27,32,102,142,69,35,41,128,111,52,52,111,86,81,23,52,192,150,165,205,186,179,74,158,102,74,74,66,46,172,150,81,137,94,128,119,86,102,86,192,158,128,172,195,42,119,128,105,102,94,102,142,128,128,69,81,111,66,160,128,94,128,81,66,119,52,168,102,136,59,122,172,172,111,86,119,128,139,119,102,94,136,94,128,86,66,32,102,136,131,145,81,111,128,74,81,111,102,111,86,35,52,94,119,136,128,136,59,76,81,119,119,81,119,59,46,52,150,192,128,94,76,96,102,157,157,157,165,66,81,19,32,37,128,119,46,35,73,94,73,66,102,165,131,136,68,165,73,35,73,16,111,128,179,131,136,195,181,102,86,119,167,165,94,110,86,94,102,145,52,52,142,195,136,96,94,94,66,136,86,86,102,119,110,136,181,160,157,81,66,94,110,102,88,139,86,94,59,27,86,73,40,73,81,66,46,48,75,113,130,88,102,128,102,81,73,52,102,110,128,136,46,66,102,66,179,145,157,165,157,179,187,142,94,110,113,86,83,94,128,102,94,122,66,160,102,152,206,186,201,152,142,136,102,46,46,61,110,86,61,59,66,46,66,19,46,88,61,104,119,96,128,119,94,94,52,68,128,113,195,225,165,203,224,136,215,239,179,86,83,130,150,157,94,83,110,81,66,86,142,179,66,81,119,110,160,194,216,194,157,102
32,128,137,137,86,186,86,150,102,119,195,179,179,158,102,94,111,172,158,119,66,41,27,102,86,42,111,53,53,94,55,76,74,81,59,102,119,27,35,46,27,52,27,59,94,46,111,165,165,119,86,76,46,52,74,52,81,142,172,179,102,131,94,66,41,59,35,62,111,165,172,86,83,94,137,111,102,186,158,165,158,142,139,86,97,136,102,102,136,119,52,102,81,66,94,111,94,74,81,172,150,88,102,37,150,81,119,119,128,76,111,165,142,119,81,46,102,128,97,94,81,142,105,119,81,66,35,74,111,74,119,160,128,94,81,94,128,128,66,88,119,102,102,76,83,119,152,119,55,81,86,55,59,73,81,52,40,86,142,73,73,88,81,81,86,102,102,40,66,32,23,46,86,192,136,122,62,52,73,66,59,46,68,94,59,40,139,52,59,102,42,46,142,201,172,145,122,136,157,136,136,172,142,94,81,81,86,128,142,35,172,192,224,179,179,119,86,142,119,81,73,128,165,105,128,131,119,172,88,19,81,105,75,96,94,96,128,119,86,75,66,86,94,102,105,52,59,73,128,157,110,83,110,86,88,73,59,94,110,105,172,119,94,130,136,165,142,94,150,113,94,122,130,110,110,110,102,102,88,104,142,152,165,128,152,119,81,172,157,165,119,150,122,86,59,66,94,73,75,19,68,35,31,42,24,160,46,94,104,110,94,142,102,59,52,42,35,81,165,234,243,201,86,187,94,201,240,195,23,29,66,102,179,192,113,81,73,94,86,68,122,88,102,81,192,215,165,174,150,142,149
142,168,145,142,94,158,81,186,153,179,214,201,172,172,111,111,137,137,86,102,53,53,9,142,86,86,46,119,53,32,111,119,53,76,81,35,81,74,46,35,46,27,111,111,111,81,94,150,142,86,46,81,86,74,52,66,94,150,142,111,66,59,94,74,81,46,52,74,111,137,142,186,160,111,137,179,142,137,186,152,102,136,119,66,55,102,136,105,122,94,59,66,41,81,102,81,88,94,86,102,152,46,94,55,128,102,105,139,59,119,81,119,172,150,59,32,66,122,81,97,66,158,97,158,66,46,55,52,59,86,83,165,111,119,150,145,111,119,94,86,111,59,119,59,136,201,158,136,102,86,66,73,102,102,81,35,46,59,86,73,27,40,55,35,23,23,40,66,23,40,48,35,94,186,136,105,86,66,66,52,46,73,76,52,52,81,59,152,59,19,35,61,145,192,179,88,86,172,142,76,94,179,165,66,20,136,86,119,94,73,250,222,231,231,128,94,172,165,131,73,48,215,128,73,81,136,192,157,94,27,73,88,96,113,81,150,96,136,119,102,102,122,110,142,113,142,102,128,136,145,102,83,136,136,66,66,119,88,152,128,102,172,128,122,142,113,139,86,75,102,128,128,119,136,195,179,130,152,192,152,144,150,157,179,128,81,86,119,136,165,139,160,142,75,59,73,102,81,73,75,27,27,29,23,110,110,102,110,136,119,96,139,119,48,94,83,33,75,195,225,242,136,35,113,66,128,157,136,81,31,75,142,160,229,187,68,52,96,102,119,110,73,94,81,201,196,130,142,223,150,52
150,111,128,128,86,137,158,192,158,216,179,179,94,111,137,74,94,102,66,86,97,32,32,111,86,122,35,111,74,53,94,53,19,53,119,41,46,59,46,32,111,94,86,94,86,102,158,102,94,46,9,52,86,46,52,35,27,86,128,66,59,41,86,59,52,119,66,140,150,158,158,187,160,137,150,150,150,119,83,83,66,119,165,102,62,128,52,158,111,102,102,102,119,83,59,74,83,97,74,59,32,52,86,102,40,74,83,128,111,81,81,81,86,119,74,74,88,66,105,102,66,86,122,158,52,35,59,68,59,119,74,111,128,150,142,128,94,83,81,52,46,35,158,128,179,145,150,74,119,66,119,122,150,102,111,33,27,122,128,94,16,73,35,32,52,55,35,33,23,37,37,32,23,66,94,52,73,68,96,86,46,35,35,52,52,136,192,113,73,86,59,61,83,136,142,136,157,128,94,119,150,119,59,52,102,105,128,110,94,23,61,150,192,128,66,165,136,131,102,145,195,195,119,73,73,157,228,119,94,86,35,66,102,122,110,119,86,157,128,94,119,142,157,201,228,142,139,128,73,73,68,40,52,110,102,119,110,96,81,110,68,136,81,52,94,31,81,66,68,136,128,104,139,201,186,136,157,194,225,119,157,157,130,197,139,86,128,110,172,206,181,150,157,86,88,86,75,66,59,61,27,42,19,37,113,83,94,88,119,40,66,94,113,81,46,59,46,52,150,236,206,142,110,54,110,86,86,234,73,110,150,192,172,186,122,35,73,119,160,157,152,20,160,73,206,136,206,119,206,157,59
111,94,119,137,165,168,165,122,150,222,119,94,81,86,165,102,32,46,41,35,102,111,158,32,128,46,81,41,158,119,32,23,35,66,94,81,41,53,102,66,59,86,32,81,165,94,102,59,52,74,48,35,74,66,86,94,66,94,102,52,74,46,59,62,137,86,165,172,186,179,150,142,142,119,119,94,89,102,102,66,111,102,119,66,111,119,59,128,122,81,94,102,66,94,59,74,66,59,86,86,66,102,111,94,52,111,128,119,119,102,74,52,81,150,111,66,119,111,66,102,86,52,150,81,81,94,128,46,102,102,86,122,114,136,86,105,74,40,74,66,13,66,142,195,119,86,102,66,136,66,142,73,59,122,119,66,73,165,142,86,16,23,66,94,94,40,52,52,46,76,32,52,35,46,66,40,66,88,66,66,40,46,94,122,66,142,167,136,86,102,52,73,111,86,194,172,139,111,96,136,94,75,73,122,128,119,160,94,35,46,139,81,110,128,150,131,139,136,128,88,102,152,172,128,110,122,119,157,59,96,46,94,66,187,83,73,73,94,150,105,119,142,145,167,175,136,179,128,52,52,66,119,81,119,172,86,113,86,66,81,102,83,59,66,81,23,81,165,160,195,172,119,128,128,119,73,207,236,206,172,167,192,128,136,144,102,86,139,179,172,172,142,102,81,75,75,27,29,54,73,27,23,40,66,59,59,94,130,86,31,48,52,59,86,81,81,59,31,81,167,187,212,142,81,94,113,94,165,150,86,128,186,157,142,66,61,113,88,174,157,139,94,31,128,73,165,179,167,197,110,196
160,165,142,186,195,172,111,94,160,165,81,66,94,81,119,142,34,19,35,27,111,186,172,59,86,48,81,35,142,86,46,94,102,46,59,89,89,111,111,94,27,35,81,46,81,35,81,119,52,23,94,111,81,114,111,119,137,74,52,35,52,52,59,66,192,94,172,186,172,102,59,41,86,128,137,111,89,74,59,160,111,122,158,81,122,136,165,46,94,172,119,86,128,66,46,74,74,94,74,74,94,86,86,111,114,102,102,136,131,119,66,66,128,86,52,88,111,150,128,94,81,86,128,74,114,119,150,81,111,40,81,165,102,102,74,59,81,59,81,81,37,94,102,165,119,76,68,142,206,119,111,48,35,102,165,102,52,81,102,86,40,23,73,157,35,35,62,81,52,59,32,73,40,40,40,52,94,86,35,48,73,73,94,111,35,128,96,165,186,86,81,68,102,66,111,157,111,102,111,94,86,102,145,102,86,119,157,122,86,73,96,142,119,157,172,139,94,110,128,86,52,136,128,96,119,86,35,66,86,119,179,59,81,52,81,110,94,105,152,122,110,119,175,150,172,165,186,130,66,66,59,96,94,142,179,73,96,110,136,165,110,86,86,94,81,73,192,157,192,167,192,152,150,136,102,186,225,245,240,179,157,172,174,54,136,86,81,88,113,94,110,94,46,61,35,61,40,31,59,59,23,35,81,81,94,40,81,122,94,46,81,128,86,102,186,201,136,66,59,119,150,167,206,130,104,81,102,192,119,81,113,83,83,110,119,52,48,128,201,207,192,196,157,110,119,149,119,207,192,160,94
192,172,158,205,150,150,86,74,81,94,86,76,74,48,66,81,66,66,59,59,114,128,128,86,19,102,81,42,81,111,81,74,46,42,111,150,86,142,119,74,37,35,86,35,27,66,81,55,81,105,102,55,66,128,137,142,119,74,86,59,35,59,86,137,165,142,219,94,102,52,46,137,94,102,114,74,66,172,46,150,102,74,119,74,150,52,89,179,142,102,111,66,66,52,52,81,88,119,111,94,128,128,119,114,46,59,86,86,111,94,105,59,32,86,97,74,94,128,136,52,81,94,66,119,102,46,111,66,52,128,94,111,94,102,55,40,86,66,52,111,136,111,142,111,128,74,192,136,220,142,150,66,59,62,150,86,23,35,102,86,42,81,33,81,40,73,59,102,32,86,73,73,94,35,32,73,86,81,52,52,76,32,46,59,46,131,165,131,113,111,19,27,94,66,105,81,66,52,66,110,119,86,165,192,165,110,110,157,81,48,46,46,119,94,73,73,150,150,94,66,94,110,102,94,75,37,33,46,202,142,52,88,52,35,86,165,216,175,136,66,94,165,179,150,165,179,181,142,119,40,102,66,102,142,157,102,81,152,181,172,157,136,142,195,128,157,152,219,206,136,142,186,210,206,201,231,219,224,234,229,210,160,81,81,110,66,68,75,54,35,40,37,33,35,94,86,46,88,27,35,52,73,68,86,119,35,40,46,86,94,136,167,157,150,206,236,215,128,86,128,119,119,210,174,61,61,110,186,179,172,54,12,52,110,88,83,110,119,179,232,219,186,220,228,195,179,226,206,167,130,149
137,158,158,179,102,119,59,102,53,86,94,74,66,35,23,41,179,119,102,66,46,81,119,53,19,86,128,53,59,102,46,23,35,105,158,119,66,128,128,35,32,23,66,46,41,94,52,37,119,111,59,86,81,102,114,119,102,94,94,66,42,86,122,192,172,111,142,81,128,86,81,74,119,102,86,89,102,94,205,46,66,74,165,41,74,119,136,119,46,59,97,111,97,40,59,105,74,86,102,74,40,136,102,111,52,68,40,81,94,94,52,66,35,83,172,136,102,59,86,76,81,62,88,128,81,32,102,119,102,111,86,111,128,81,81,55,74,119,74,81,128,165,158,102,111,142,179,119,136,158,119,81,74,40,102,119,83,59,94,86,46,81,46,35,59,68,73,66,94,73,102,86,73,59,73,86,81,73,52,46,54,46,46,94,111,142,192,111,128,16,81,23,66,119,102,94,46,59,128,157,86,102,81,119,139,128,83,172,81,27,13,66,27,29,48,88,75,46,35,88,113,110,94,37,40,81,102,35,119,179,94,59,81,52,81,192,195,150,128,131,94,157,197,172,150,157,128,172,102,59,102,40,102,105,119,81,142,201,201,142,94,167,179,207,179,186,195,220,165,157,201,201,212,219,222,210,172,172,150,165,228,52,113,128,102,48,68,59,66,83,40,31,31,54,88,75,86,88,40,54,31,96,54,96,104,73,37,23,119,110,142,110,113,157,172,210,128,110,167,152,119,119,222,174,42,37,86,139,215,201,68,17,68,136,122,104,110,68,86,224,228,216,195,179,223,244,240,172,187,186,157
83,158,142,111,102,81,46,119,42,111,111,81,59,27,16,81,179,102,86,27,25,81,114,114,53,81,119,59,32,46,81,53,74,86,74,81,59,81,94,52,32,46,74,35,52,94,86,81,86,81,94,128,94,74,102,111,102,89,102,52,94,140,142,150,105,81,137,102,111,74,119,111,94,86,142,128,86,128,102,52,46,119,94,94,152,76,69,76,66,111,32,94,102,52,86,74,86,136,66,150,131,102,102,52,46,46,74,74,59,111,59,94,102,86,119,175,128,46,59,172,94,111,158,52,102,66,37,94,94,66,119,136,102,42,59,102,111,168,48,59,114,94,192,186,192,136,66,83,83,131,111,119,122,74,74,102,119,111,102,102,86,105,119,27,27,102,66,37,46,62,59,32,33,113,102,81,111,105,52,42,73,94,62,46,119,142,192,102,81,27,94,46,73,145,128,83,102,119,145,142,83,66,86,76,119,172,110,142,81,102,27,35,19,35,27,40,52,102,83,40,81,61,150,40,160,142,128,73,145,119,136,86,66,86,119,192,167,165,157,113,128,181,172,172,172,150,150,165,86,59,40,48,73,102,59,73,187,201,202,86,61,160,142,136,136,150,157,139,94,142,165,152,142,113,139,142,66,96,142,119,94,136,94,73,81,81,59,94,59,94,102,81,86,61,61,96,46,40,96,35,19,130,46,167,86,61,10,81,102,88,94,110,81,59,66,110,66,73,165,172,130,206,242,172,59,29,68,75,232,222,110,66,73,119,136,150,81,52,73,195,201,142,206,195,201,236,237,228,232,196,179
83,102,86,86,53,105,41,94,37,102,131,66,35,62,97,89,76,42,35,53,74,41,111,165,158,27,102,62,35,46,97,111,97,53,19,41,52,52,74,81,86,102,81,46,94,74,86,140,102,52,81,102,66,86,137,102,66,102,111,97,137,150,94,74,119,128,102,102,111,66,122,74,81,94,128,128,52,102,111,89,105,128,158,81,152,152,94,111,81,102,59,35,111,136,97,59,59,102,128,52,74,74,119,81,81,66,83,74,23,76,94,102,165,119,139,136,105,86,111,59,165,40,119,35,139,46,96,119,81,86,74,68,102,122,86,111,136,86,27,66,96,175,128,216,142,187,66,66,74,81,102,136,102,68,59,76,86,111,128,86,86,172,128,19,40,96,73,52,27,32,16,27,35,88,94,113,111,94,86,62,73,94,83,73,76,122,179,88,59,40,40,105,128,73,179,172,160,136,119,165,94,31,66,119,102,167,75,136,94,102,73,150,19,46,52,40,59,96,102,27,33,96,136,128,110,238,128,181,105,150,157,145,88,66,128,145,110,52,150,119,66,136,150,172,102,131,172,136,86,113,23,52,119,88,40,73,142,186,128,110,88,86,105,110,102,152,81,102,119,81,150,165,150,150,152,142,68,94,130,128,102,94,52,59,59,66,119,81,52,102,110,73,35,61,61,52,40,46,59,15,102,86,94,192,66,27,20,160,130,139,119,136,96,46,59,104,128,102,142,219,203,219,238,219,66,31,68,94,186,194,128,81,73,122,128,136,83,54,86,165,150,165,215,207,136,207,210,220,192,119,165
66,74,48,94,41,86,35,59,81,66,74,32,35,81,119,74,59,53,32,81,94,32,81,119,145,19,83,62,86,94,46,81,81,76,29,27,62,102,35,81,150,94,74,81,128,32,66,128,111,41,86,86,59,102,142,128,114,111,150,105,111,94,94,81,111,128,102,111,74,59,102,74,52,74,94,102,111,102,102,119,94,94,119,128,46,74,150,81,59,83,81,119,81,94,102,66,74,59,59,94,66,119,81,66,68,81,46,40,81,74,94,66,94,111,94,81,81,119,97,74,40,74,46,74,59,94,40,195,52,111,66,102,119,81,81,102,94,102,74,27,111,102,186,195,165,206,94,55,40,66,52,81,86,73,68,73,66,94,128,81,66,111,94,46,23,46,81,94,35,19,66,76,48,81,119,128,111,128,113,86,68,86,113,111,66,81,192,111,37,46,73,102,102,73,194,202,150,111,142,192,94,19,52,119,94,86,40,102,59,27,110,46,27,66,75,35,102,128,61,31,52,128,86,75,236,119,172,206,136,119,86,136,75,102,131,113,119,94,110,128,61,110,142,142,165,165,75,194,128,136,128,66,150,66,31,102,130,231,210,52,150,150,102,160,165,186,142,165,179,102,179,160,186,195,225,210,94,130,179,174,142,66,52,54,59,83,86,66,68,73,40,66,66,35,35,40,66,59,35,27,35,73,136,186,86,31,15,210,219,136,157,179,172,165,160,136,174,157,181,201,150,167,246,172,59,86,73,119,119,172,128,73,59,128,144,128,88,46,96,142,206,210,179,192,157,142,187,157,192,130,157
74,66,41,35,66,35,46,94,94,81,27,27,59,41,46,53,74,86,59,42,102,128,35,86,102,35,35,94,86,111,35,32,41,86,81,66,94,111,35,66,111,94,52,66,74,23,59,59,74,81,81,86,81,119,128,192,128,94,128,66,46,74,94,86,74,66,111,74,74,86,114,81,35,74,114,111,136,81,81,102,111,81,81,81,111,86,94,86,59,66,86,102,102,86,94,66,74,81,40,86,86,81,97,24,86,94,52,40,81,74,59,150,102,94,94,59,86,59,35,119,119,86,46,66,32,128,145,111,111,94,114,128,119,150,111,55,102,145,74,35,19,192,105,219,214,102,248,212,88,94,52,128,150,186,94,40,111,102,102,86,32,59,142,35,27,52,94,83,35,81,81,86,81,119,131,157,214,172,81,94,119,131,94,102,128,157,142,102,32,52,94,66,81,128,128,119,150,145,150,142,73,19,27,68,81,73,61,35,23,27,27,31,96,94,113,96,35,66,81,86,128,105,119,102,110,186,225,195,150,128,61,81,94,136,142,113,113,131,68,61,102,172,202,172,31,122,66,136,83,186,150,136,86,150,83,110,179,179,195,195,192,224,142,150,150,179,86,157,105,186,179,165,110,174,167,179,128,186,201,172,179,75,94,73,81,128,102,66,73,66,40,61,66,33,35,59,73,46,35,12,24,102,104,128,73,52,40,160,225,142,113,201,206,110,96,102,119,150,150,104,46,110,203,136,110,102,110,110,206,186,86,81,88,94,150,165,86,81,110,94,215,206,181,197,157,179,215,192,194,152,119
46,59,35,59,86,53,81,119,119,59,41,74,59,27,32,53,81,150,158,46,66,142,41,83,111,46,35,81,81,94,59,29,66,94,119,105,46,46,74,32,46,94,76,23,59,66,32,46,46,66,76,105,111,137,142,168,102,41,66,59,52,86,46,86,66,32,94,69,86,102,86,119,62,74,158,142,175,74,128,111,111,59,94,94,102,62,94,119,88,46,46,83,111,81,81,94,81,74,52,66,66,81,119,46,86,52,48,76,74,81,86,119,111,128,128,81,52,66,86,94,35,94,119,55,52,86,102,102,111,96,94,81,40,74,131,150,86,59,32,37,94,128,214,172,111,150,254,248,13,236,236,225,150,136,192,179,145,128,86,46,94,66,150,119,83,81,113,52,86,48,86,27,52,111,192,216,160,128,102,94,128,66,113,102,111,201,68,111,46,59,88,94,111,66,59,94,105,139,172,145,81,46,40,48,75,52,46,35,68,102,35,59,186,167,128,142,83,119,102,94,157,157,186,186,172,206,215,157,110,86,81,110,128,150,110,75,86,136,128,73,94,215,228,197,136,110,86,40,142,216,119,142,136,160,122,110,150,240,231,234,243,160,88,66,113,94,122,66,210,136,160,136,186,119,128,157,179,186,136,52,81,142,157,119,59,157,40,83,73,66,86,52,46,46,37,73,110,83,59,31,68,110,52,73,68,59,40,142,174,94,54,52,66,42,68,73,52,94,81,59,81,81,54,119,179,119,110,165,212,172,68,88,130,113,119,136,110,136,142,165,142,113,152,172,144,212,215,201,186,128,128
81,23,94,150,119,86,53,69,41,27,59,86,46,27,53,111,158,119,86,59,32,74,76,55,46,41,53,81,86,42,35,81,81,32,86,74,35,55,81,35,35,74,59,35,86,81,32,46,52,41,111,119,140,137,128,114,66,27,59,59,102,74,59,86,52,52,74,102,66,102,119,119,94,81,158,142,128,94,111,119,111,76,97,81,94,62,102,83,94,52,42,32,46,74,81,111,102,88,74,81,114,74,119,66,46,111,86,114,86,86,62,74,66,76,66,74,86,81,42,35,119,111,59,68,86,81,102,48,46,83,46,86,59,86,119,102,59,62,142,102,94,62,150,74,119,158,139,111,96,210,244,225,165,172,192,187,128,86,88,52,111,152,94,46,111,73,157,42,131,19,81,27,66,119,136,102,102,86,96,59,24,86,96,119,52,111,59,119,94,105,113,128,83,94,81,73,40,94,201,145,145,111,94,102,83,23,9,59,179,96,102,81,197,172,136,172,128,86,128,150,201,215,216,222,219,157,179,157,86,110,110,75,128,150,52,59,88,128,128,66,73,187,201,136,128,102,75,52,145,119,167,195,194,136,94,119,195,172,128,130,157,110,52,61,130,128,46,136,110,52,157,122,160,142,142,165,160,150,150,172,160,73,113,165,48,31,46,102,81,96,81,40,61,42,27,102,181,81,35,94,102,94,40,61,59,61,31,94,102,66,59,35,31,54,54,42,66,110,86,31,128,94,61,110,192,157,142,194,238,186,110,94,102,128,81,81,192,172,212,186,81,61,75,94,86,179,192,172,152,136,165
102,27,142,111,111,102,86,35,16,17,46,89,111,66,74,150,128,32,46,81,66,74,86,66,42,41,74,94,81,32,42,86,66,32,41,74,81,52,59,66,46,41,59,94,52,52,94,59,94,102,158,172,137,74,74,69,41,32,81,105,89,74,150,111,74,105,74,102,66,102,136,94,94,66,83,111,102,119,66,158,128,136,128,81,89,41,74,48,86,42,35,42,62,69,41,83,94,59,119,66,74,114,76,52,102,86,86,52,59,86,46,59,111,66,40,74,88,83,55,52,128,102,52,86,66,66,74,88,66,35,46,59,83,59,66,35,59,66,88,74,59,81,160,136,102,66,27,52,66,46,52,86,81,88,160,192,119,73,94,73,73,52,128,62,73,46,81,83,35,88,59,102,94,52,59,86,81,68,52,54,19,142,68,94,19,66,83,119,111,68,122,81,136,212,139,81,59,66,172,139,165,81,128,96,105,10,46,75,122,119,172,119,102,94,136,105,40,31,119,215,172,210,206,201,194,179,136,157,122,59,52,136,152,128,81,73,128,122,122,119,136,142,102,105,167,66,59,94,81,179,207,186,222,142,73,68,59,75,46,81,142,139,113,102,160,110,83,102,35,136,128,174,139,172,128,152,136,81,81,136,113,75,81,102,94,66,46,152,42,52,46,94,75,9,46,150,122,42,23,102,102,73,46,81,128,66,52,73,94,66,94,139,128,139,119,66,119,83,119,136,113,83,110,157,212,139,142,157,222,136,73,81,102,73,40,136,186,232,242,149,73,73,46,40,66,128,165,179,119,142,142
81,32,46,53,94,35,41,66,74,35,111,105,76,53,94,128,86,41,46,66,66,66,46,89,35,32,86,128,142,69,41,46,66,41,41,94,59,32,86,52,41,52,55,66,62,81,128,145,186,158,145,158,74,35,59,59,59,86,111,111,59,83,158,119,102,119,111,69,94,111,131,86,46,55,59,102,136,136,76,102,119,136,165,102,66,32,66,81,59,32,35,46,59,40,33,83,86,111,66,59,59,111,94,74,136,111,86,52,59,81,66,86,102,136,102,46,55,66,74,81,27,119,59,52,131,74,136,152,86,55,74,59,59,81,55,66,94,102,37,46,119,114,179,102,111,111,40,46,111,81,23,23,52,62,73,131,172,157,81,40,102,73,52,59,59,88,68,52,102,96,113,119,52,66,102,59,76,88,73,83,35,111,81,35,40,122,52,111,59,59,52,102,192,210,197,157,110,81,119,128,102,35,73,86,86,35,150,33,110,222,131,142,19,35,110,81,31,35,110,229,216,210,234,206,201,157,81,142,86,59,54,172,131,119,186,142,119,192,215,186,119,96,113,94,94,130,86,110,73,128,157,216,234,160,73,73,73,46,73,94,128,119,142,88,75,81,81,94,102,81,94,130,66,73,94,110,66,46,86,119,94,122,119,59,102,27,86,59,128,40,66,40,27,23,20,81,86,31,15,27,122,110,52,94,192,119,128,81,136,73,165,192,181,128,136,128,136,122,110,128,102,68,102,165,219,94,61,203,195,144,73,66,68,48,66,136,206,243,236,165,40,81,40,59,121,127,130,179,160,73,86
19,86,13,74,74,16,142,66,74,102,142,46,66,111,119,62,46,102,86,41,27,66,81,41,23,94,105,102,86,76,23,48,69,27,53,128,86,46,94,86,52,142,111,76,111,165,179,192,137,111,86,66,86,81,94,86,74,94,59,52,74,81,102,111,66,111,111,66,111,128,128,62,32,59,66,111,128,119,74,81,97,94,150,94,41,37,66,81,59,59,59,35,32,35,66,74,66,152,86,81,102,94,102,111,136,66,62,94,52,119,111,94,128,150,102,35,52,94,74,59,66,52,81,40,131,172,76,119,74,94,59,94,52,52,86,83,86,76,74,74,105,214,172,59,111,74,48,62,35,111,73,35,66,73,128,172,111,86,83,59,59,102,46,59,128,94,131,128,66,81,157,128,66,94,150,119,46,37,66,81,111,81,119,86,86,150,94,96,59,32,35,201,157,152,167,86,40,73,102,86,75,66,94,102,59,128,94,73,110,136,142,40,23,37,81,113,157,172,197,231,234,229,238,238,220,157,81,102,102,128,102,192,142,192,192,157,136,157,181,165,52,94,119,52,179,165,86,66,73,113,165,128,142,81,61,86,119,113,119,136,119,136,128,110,110,122,73,94,128,110,122,172,102,83,68,75,86,73,68,113,110,88,110,75,27,94,83,94,102,83,73,40,66,86,27,59,110,42,31,86,102,142,128,86,179,219,179,96,110,152,179,152,165,86,172,165,150,142,144,142,119,157,142,179,210,150,110,165,201,152,86,46,73,81,52,113,215,219,228,128,186,165,216,172,201,212,122,165,172,139,113
81,35,66,76,81,59,102,81,111,94,81,32,94,86,102,59,35,81,74,27,32,32,74,74,46,119,41,69,16,74,66,66,41,66,66,137,128,74,74,74,137,222,165,137,142,192,150,119,74,86,74,52,137,128,105,74,35,41,32,48,102,111,86,59,74,111,137,137,119,128,111,52,32,37,83,142,119,111,89,66,66,111,119,52,42,46,66,66,41,69,59,40,27,33,52,81,86,119,81,76,86,62,46,102,86,59,42,86,105,119,105,40,111,111,59,66,81,102,27,111,59,35,142,59,83,119,136,83,76,52,119,128,128,59,66,111,66,83,105,59,165,150,187,74,74,40,81,35,35,73,102,96,192,152,66,94,73,52,94,76,165,46,94,119,86,128,136,32,16,35,94,142,113,81,94,83,68,46,83,73,119,186,219,219,160,202,206,81,59,111,73,119,136,157,128,73,81,136,128,81,131,172,102,35,40,105,40,102,27,59,172,83,66,52,59,201,240,210,175,165,150,179,128,194,201,215,75,88,142,86,192,228,212,202,110,136,150,110,122,152,160,113,172,94,225,130,136,48,81,73,31,59,83,68,81,105,136,105,94,110,88,201,145,81,75,150,86,167,122,186,110,119,59,73,119,174,157,119,150,192,157,102,46,66,86,81,96,102,75,59,52,81,52,52,59,31,40,35,27,81,210,207,96,102,215,225,150,130,194,165,165,119,86,81,110,86,119,136,172,186,192,222,201,226,225,179,113,195,212,186,144,110,102,86,59,113,179,179,216,172,224,216,195,234,207,225,167,174,172,225,179
59,142,94,86,66,46,102,46,214,46,74,66,35,35,46,55,74,74,46,35,19,150,59,150,66,86,59,94,23,27,66,66,81,137,131,137,142,74,111,128,214,150,205,137,179,35,119,172,74,86,111,137,137,119,102,102,52,46,59,86,119,158,94,74,122,86,158,142,111,119,66,46,35,41,102,172,142,145,102,74,94,102,94,46,46,48,86,74,41,46,37,52,52,46,74,111,122,86,74,42,37,74,52,81,66,52,74,86,111,94,86,59,55,52,81,102,52,46,88,102,59,86,128,96,40,102,119,83,81,52,111,81,52,81,66,94,86,59,111,74,52,201,165,122,35,102,102,59,27,111,179,207,206,206,94,59,142,122,46,119,66,172,150,102,128,119,142,46,55,19,35,119,128,52,40,66,86,40,76,113,131,86,234,232,197,224,226,128,102,54,46,46,119,142,68,46,76,142,142,86,136,172,128,13,31,105,105,113,88,96,206,150,86,122,128,181,214,128,61,46,27,29,29,59,234,152,94,110,113,102,210,228,206,192,142,128,113,119,145,186,236,152,172,175,165,102,195,145,59,31,37,40,165,59,68,102,110,102,68,66,110,165,172,86,68,157,136,195,136,136,136,179,86,128,186,215,194,119,102,150,165,104,66,52,174,194,52,81,94,20,66,102,23,19,86,54,37,40,66,165,186,128,136,206,225,172,122,119,110,186,192,102,110,144,119,104,68,113,203,238,210,165,215,245,228,102,86,219,207,219,206,212,110,96,113,128,172,192,206,192,142,136,130,201,142,186,215,157,192,215,240
76,53,35,66,59,27,114,66,25,35,81,41,11,35,158,102,55,66,59,32,13,32,150,102,94,74,59,46,35,46,86,94,41,94,172,165,140,102,128,195,152,192,150,111,32,32,102,102,46,86,137,111,128,137,158,158,128,66,59,119,158,145,152,94,81,137,150,152,97,94,46,46,94,136,158,150,128,119,81,111,81,76,94,23,66,59,111,88,69,86,40,74,97,102,119,139,119,94,81,46,32,86,86,59,66,66,102,86,86,105,81,74,52,66,81,86,52,86,114,66,102,102,94,86,46,114,150,96,96,81,66,55,74,94,81,59,94,52,62,94,136,186,186,52,83,102,86,86,74,111,179,242,240,157,136,142,128,119,81,136,150,142,86,128,219,59,157,83,111,35,86,73,35,40,52,52,35,73,131,66,102,86,186,83,150,195,195,150,81,111,102,128,139,102,52,76,52,81,150,128,110,94,27,40,128,88,136,110,68,145,128,102,66,75,66,94,167,94,46,42,46,40,46,102,201,128,136,110,86,160,165,172,195,186,160,165,160,119,172,215,249,215,81,105,94,96,197,181,73,31,86,59,192,86,68,119,157,94,52,61,102,86,165,142,142,136,81,157,73,52,68,195,136,142,165,165,142,142,144,104,40,73,128,40,88,157,102,31,52,31,68,73,40,17,68,68,73,73,40,88,128,172,157,192,179,136,110,113,136,142,94,94,128,75,94,128,136,157,181,192,228,181,128,216,192,59,40,136,201,201,195,220,165,150,152,160,195,174,94,83,94,73,73,110,139,186,212,207,194,220,240
74,23,23,74,62,66,32,35,41,81,48,32,27,35,59,27,46,83,59,41,53,55,94,59,35,81,66,66,86,86,83,94,41,111,192,150,94,150,181,142,158,172,140,86,32,128,81,41,150,165,94,86,145,168,172,175,128,59,74,137,128,150,150,86,119,172,158,145,122,102,66,81,119,172,145,102,94,102,119,81,66,69,81,46,86,81,74,119,94,119,114,122,128,145,136,119,111,76,81,94,62,52,81,81,86,81,88,94,74,81,81,83,86,81,52,74,86,94,97,81,102,81,88,86,66,94,128,94,102,102,66,86,94,59,55,81,86,48,66,150,179,175,179,46,102,66,76,102,136,122,201,195,201,201,192,172,73,86,165,150,165,96,157,186,206,119,94,83,145,136,150,66,23,42,81,46,52,81,86,32,128,119,94,142,88,81,214,152,46,105,119,111,136,157,96,59,110,73,119,139,59,59,66,73,175,136,66,102,102,46,73,119,86,48,75,122,131,102,142,165,172,186,179,119,150,186,128,113,59,88,128,128,150,186,195,201,165,128,172,240,250,195,54,94,94,83,145,181,136,23,86,75,145,225,128,59,81,81,105,66,31,81,157,201,201,86,19,119,52,59,59,192,136,144,179,130,102,130,128,104,94,73,66,88,119,52,128,66,33,81,46,94,144,66,42,40,52,52,46,104,94,94,157,197,186,225,59,128,81,110,94,94,142,119,104,94,136,167,142,136,102,201,201,192,165,94,46,61,179,192,172,195,179,136,167,144,157,128,75,66,81,86,75,174,215,203,215,215,206,206,226
35,41,35,35,74,59,27,41,69,59,41,66,53,53,81,86,23,35,74,48,27,32,46,41,35,53,55,59,86,102,37,81,119,105,128,142,150,192,186,94,119,102,114,81,122,128,150,102,102,94,105,165,137,150,152,86,97,102,111,128,94,172,137,105,89,114,165,137,142,119,102,111,74,128,94,145,160,102,94,52,94,119,102,59,86,81,81,119,94,128,158,136,119,158,142,88,74,66,111,150,59,32,83,119,88,59,74,119,46,74,102,102,86,94,66,74,81,68,86,68,86,74,94,68,62,83,81,88,83,111,114,111,81,46,40,86,128,102,76,111,168,158,142,94,73,73,111,158,111,94,150,150,102,102,102,142,150,113,128,136,181,165,136,150,105,157,46,128,128,128,172,105,128,48,66,88,52,59,59,102,102,119,128,62,102,48,192,128,128,48,68,52,105,152,186,122,40,83,110,136,52,46,66,165,119,172,119,94,136,105,86,102,110,136,119,75,96,157,172,222,172,231,128,179,179,150,128,94,52,66,136,157,94,165,236,195,150,165,172,219,225,102,94,131,66,68,142,167,128,59,81,86,179,232,136,46,66,119,105,42,40,110,167,172,172,86,81,142,136,142,40,150,130,113,128,122,86,122,113,128,110,35,52,54,102,96,61,61,35,40,59,40,59,73,54,86,73,59,73,122,119,96,186,192,186,110,119,128,150,197,102,52,102,119,102,52,122,192,194,201,192,136,201,228,216,222,73,236,206,142,119,119,157,46,59,149,172,165,144,54,40,139,219,215,239,212,165,165,192,172,220
94,46,60,74,53,41,66,19,16,74,42,59,59,102,46,19,46,27,97,35,53,62,128,35,86,35,41,74,94,66,59,86,128,119,172,210,201,179,86,52,46,86,94,59,66,137,187,94,66,158,119,142,128,137,128,52,74,111,86,111,111,181,145,119,119,81,128,175,97,136,128,158,86,69,81,136,136,81,74,94,119,111,81,66,102,52,128,119,102,81,86,119,97,136,128,81,59,111,131,136,81,59,59,119,48,94,74,119,42,94,94,122,128,119,86,66,86,86,102,81,86,52,86,62,81,66,55,74,40,94,102,94,86,66,59,66,128,128,59,105,192,128,94,128,119,40,86,136,102,86,96,119,102,73,102,172,165,86,136,201,150,83,131,150,86,122,102,52,94,136,172,167,150,73,32,52,86,102,86,66,46,111,102,48,46,61,66,81,68,122,102,66,88,192,128,59,136,172,152,157,59,73,157,113,86,192,59,145,75,86,73,150,136,179,179,179,219,225,165,157,192,128,157,181,186,136,172,66,110,83,94,86,83,119,202,202,142,165,150,136,128,119,94,66,73,73,197,202,130,68,52,105,142,172,110,73,113,66,73,130,128,150,194,186,142,122,142,165,179,187,73,52,94,110,94,81,52,75,94,102,73,31,83,52,86,59,42,52,27,42,59,54,94,110,73,46,73,35,54,119,128,88,172,186,212,172,142,130,128,206,150,136,142,102,73,136,142,215,192,113,165,179,157,212,187,201,201,142,142,130,73,110,68,88,136,165,142,179,149,66,128,195,234,245,179,149,75,46,167,215,215
41,59,81,81,53,81,35,27,41,46,59,27,53,59,66,35,35,32,41,59,74,27,111,59,94,32,86,74,102,66,137,158,165,205,160,94,94,128,102,69,32,41,27,46,66,142,111,97,46,119,142,102,128,102,111,142,119,111,128,128,86,128,195,94,74,114,114,165,81,111,142,111,114,66,81,81,94,119,86,102,74,66,119,172,128,74,136,74,94,59,102,86,81,83,114,102,128,111,74,119,128,88,59,74,66,46,81,86,76,59,97,128,119,94,81,88,86,86,114,102,66,59,52,74,96,66,48,52,33,81,86,83,111,102,76,66,86,122,74,142,222,172,158,158,128,52,111,142,136,102,145,157,131,119,150,201,150,111,150,136,81,86,83,136,142,86,73,55,59,119,142,179,136,66,62,66,119,157,119,86,32,46,66,37,32,81,66,46,66,42,128,73,128,131,136,157,119,81,102,52,59,113,23,86,68,150,35,88,81,35,86,110,179,210,201,157,142,165,201,102,152,73,207,167,192,139,201,160,128,157,128,81,94,105,136,128,110,179,165,145,105,110,59,94,142,201,181,226,119,48,81,75,94,94,122,75,52,46,110,192,181,195,195,136,128,122,94,94,192,210,94,17,52,96,48,52,68,94,110,52,52,81,94,75,66,94,83,59,31,59,66,40,52,102,73,48,66,75,83,113,128,128,142,195,195,207,157,150,113,219,225,240,186,136,119,130,130,202,232,194,128,86,136,128,88,172,210,194,73,104,119,46,81,52,210,136,66,152,201,130,73,102,179,181,157,128,81,201,102,203,121
32,62,59,59,59,66,41,111,145,102,27,23,27,66,59,32,46,74,35,76,74,46,119,46,86,74,119,150,74,142,201,207,179,86,128,140,94,128,86,59,59,111,86,86,41,111,52,111,94,131,74,114,179,168,94,86,142,137,111,137,172,137,114,102,94,119,94,128,94,81,102,111,81,66,81,74,86,111,105,142,94,94,119,136,111,52,81,76,102,111,102,94,111,102,94,83,94,66,52,119,102,97,52,52,81,52,52,46,105,81,66,74,94,102,88,81,59,68,122,66,111,86,46,59,81,86,46,52,76,81,105,94,119,111,86,86,66,105,81,128,233,195,172,142,128,62,186,165,150,181,195,214,165,128,202,201,150,111,150,186,73,152,46,128,128,201,122,73,94,88,142,175,136,94,119,94,35,111,119,96,46,23,46,83,86,94,59,52,52,86,128,128,111,66,122,113,102,128,111,102,61,48,59,81,66,122,145,119,186,231,210,152,192,222,210,195,210,195,192,150,110,165,172,86,145,150,228,175,195,119,35,52,88,152,157,150,119,150,150,160,81,83,83,142,192,195,192,197,136,130,102,110,73,88,128,73,46,102,73,192,179,119,102,37,139,136,75,86,174,142,102,40,61,102,75,81,102,128,150,94,35,83,81,81,75,59,40,42,52,40,68,66,27,66,81,42,37,59,119,102,68,110,96,110,181,165,86,73,144,142,130,165,195,157,68,128,165,165,172,150,119,130,136,119,142,119,179,86,59,113,88,52,66,66,88,119,150,186,142,128,86,48,94,86,228,152,142,128,157,121,144
25,66,59,53,66,74,111,153,111,102,32,53,74,32,46,81,66,86,53,74,86,32,66,142,74,102,105,186,158,222,150,142,158,119,102,158,192,175,119,165,62,86,74,81,23,205,128,158,128,13,59,158,179,142,94,94,114,158,137,119,158,86,94,142,94,150,128,94,128,119,74,81,81,52,86,102,81,122,136,158,136,111,94,97,81,102,81,111,136,94,86,119,172,136,88,74,66,74,66,97,94,81,52,102,86,52,33,86,119,81,32,46,111,122,86,59,59,68,86,66,128,102,59,46,86,59,102,59,111,94,119,111,102,102,111,119,102,94,102,158,233,150,150,160,160,94,111,158,192,206,210,206,150,157,225,197,102,96,165,201,150,139,128,102,142,212,119,66,66,142,142,111,94,128,94,81,59,46,66,48,52,46,46,73,81,46,37,94,102,81,136,167,46,9,19,111,81,105,105,66,73,52,29,59,94,152,152,165,231,249,206,186,214,181,152,175,206,226,222,225,210,86,68,179,119,160,179,142,102,10,54,136,186,201,179,150,175,128,172,152,96,192,206,186,128,86,119,136,119,128,86,46,73,102,94,102,66,52,142,152,110,59,102,94,186,86,150,66,81,102,119,81,73,165,136,113,144,157,136,102,40,59,73,81,27,54,40,33,61,68,102,94,40,81,48,40,61,52,59,110,119,54,66,59,88,136,54,42,102,144,174,186,160,186,179,150,186,172,179,187,136,165,165,113,113,136,144,86,73,81,81,122,104,52,130,172,128,136,86,46,40,15,59,152,179,121,68,203,110,152,102
53,46,81,74,74,55,53,102,102,119,102,53,59,59,97,165,119,69,83,94,59,41,74,119,111,94,142,111,205,137,35,102,201,201,210,186,142,165,158,165,59,81,102,66,74,186,81,59,59,94,27,111,114,119,119,111,111,94,172,137,94,128,186,137,128,172,137,94,142,81,136,66,81,66,81,119,139,158,165,128,128,86,52,55,41,119,111,136,142,128,150,179,150,128,102,111,86,66,66,66,94,74,94,94,86,46,46,97,88,46,48,81,74,74,81,74,81,102,94,96,94,86,122,86,81,59,81,66,128,136,74,66,74,96,102,111,102,102,139,179,186,139,195,201,160,192,105,160,158,197,179,142,157,201,210,179,81,73,195,172,186,119,206,94,145,81,73,52,59,113,119,102,94,128,86,73,102,16,29,37,52,94,46,66,94,81,66,29,94,150,128,111,68,5,6,46,102,73,81,102,86,86,81,88,119,122,128,222,238,225,212,214,222,172,128,150,197,236,234,201,207,210,195,142,231,214,194,192,105,96,157,236,222,142,150,119,194,228,136,157,186,245,254,201,31,23,17,86,59,119,102,31,94,68,88,73,88,110,113,139,192,96,128,142,181,96,136,59,102,144,68,102,102,110,110,88,130,113,52,46,122,81,68,73,27,104,35,66,40,86,102,73,83,59,40,46,73,88,66,40,59,35,130,119,86,88,113,81,174,206,216,172,179,181,160,144,152,195,179,195,210,195,165,128,122,150,73,52,83,52,142,119,66,144,136,102,102,119,128,37,24,35,59,149,144,73,73,110,66,110,127
86,66,102,81,62,53,53,86,102,94,105,94,86,128,111,94,94,94,119,128,66,66,158,128,102,86,119,111,142,122,86,102,186,194,165,158,158,137,74,52,74,86,52,41,32,52,52,81,16,35,41,86,114,111,74,86,137,94,94,142,119,179,81,150,66,131,142,139,214,41,86,172,142,136,136,111,114,142,52,128,131,131,111,74,150,52,131,142,119,114,111,119,136,150,128,94,136,94,81,46,111,111,102,40,128,102,59,81,102,94,66,48,35,66,111,128,102,102,86,76,81,136,136,66,96,86,35,66,136,111,74,81,74,96,66,76,81,86,128,192,214,168,186,192,179,244,228,142,119,111,119,128,157,179,157,131,102,111,186,142,128,157,186,86,76,59,52,68,42,35,94,136,136,102,102,113,102,33,29,59,46,81,52,66,86,73,52,76,94,150,122,96,102,40,20,119,150,86,102,128,94,142,59,113,81,37,40,86,94,94,119,240,243,150,40,31,81,61,66,59,142,136,142,210,201,210,210,215,201,167,215,215,172,128,142,206,167,172,165,110,181,238,222,136,94,102,52,31,73,81,157,186,42,88,94,105,73,48,73,157,201,119,157,104,172,68,165,86,102,94,136,73,150,81,81,83,68,52,40,88,86,81,66,113,33,102,40,94,35,73,35,59,29,40,52,59,46,86,94,23,27,81,150,119,94,110,144,150,192,216,207,172,197,192,110,104,128,160,165,122,157,150,157,142,160,142,144,59,81,110,130,130,94,110,128,110,139,128,94,83,66,68,136,248,246,157,59,110,80,119,96
86,83,122,94,66,94,66,66,119,86,66,86,119,119,74,53,59,137,226,165,86,128,111,94,111,102,69,81,102,111,119,128,137,114,111,137,128,119,81,55,59,59,41,128,59,81,74,10,13,32,66,42,66,102,86,142,150,81,140,150,137,122,142,86,150,81,165,86,136,111,179,205,131,119,136,86,158,197,19,102,131,142,142,128,94,102,76,86,111,119,59,175,136,172,179,119,83,128,111,102,186,86,81,136,40,66,111,66,111,86,46,48,66,59,81,128,136,94,74,94,122,136,122,52,74,81,40,102,111,102,94,74,74,86,86,74,81,81,152,214,201,168,142,201,239,238,240,195,102,73,81,119,136,165,142,96,111,150,179,165,119,172,136,102,73,96,102,86,66,48,102,145,160,136,102,136,160,119,62,46,83,128,86,27,40,52,94,86,66,113,128,102,119,139,113,94,110,172,88,46,31,52,83,157,19,40,27,13,23,94,119,210,234,157,59,66,128,66,27,33,52,122,81,81,172,131,59,122,222,175,142,172,172,142,122,157,225,219,128,59,42,128,150,113,172,142,73,27,119,174,102,119,128,102,102,110,81,61,59,128,179,130,128,136,81,128,144,81,61,128,119,73,40,66,119,94,66,96,122,94,40,96,81,59,29,52,66,66,31,35,23,23,15,54,73,35,40,94,104,68,52,110,150,102,119,142,181,150,206,222,150,195,157,192,139,61,136,142,157,136,104,150,119,136,172,73,179,144,136,160,130,152,136,110,119,119,110,113,81,66,75,113,228,252,255,234,80,37,96,127,127
46,114,86,150,74,102,35,119,119,94,81,66,76,81,128,128,102,172,214,119,137,111,111,94,111,74,66,111,128,131,137,142,105,119,119,94,97,102,119,128,52,81,94,86,111,59,32,27,52,35,35,52,69,111,119,74,86,150,172,137,119,119,94,59,140,158,74,66,102,66,186,136,97,59,119,165,81,69,168,172,102,150,86,122,142,128,94,102,119,76,128,158,119,152,142,119,81,119,136,111,158,81,111,94,131,52,86,102,94,32,74,59,102,74,102,136,175,111,59,165,94,81,96,59,59,40,119,94,86,114,59,68,94,102,136,102,66,86,179,194,142,150,150,210,220,186,210,194,102,59,59,66,102,142,152,157,157,150,186,179,150,150,152,172,145,145,172,150,102,111,94,136,142,119,94,128,167,192,105,40,88,81,81,52,40,46,142,52,66,111,150,136,150,197,131,102,111,119,37,27,33,81,96,110,46,35,59,31,110,48,110,150,181,165,152,81,86,142,66,128,152,172,88,35,172,35,35,128,175,142,165,139,136,175,179,186,175,192,94,31,35,35,110,157,181,102,119,52,96,128,119,59,102,172,179,145,86,83,102,142,179,105,96,73,142,150,94,104,94,102,86,23,66,102,136,102,94,136,102,96,86,94,59,23,31,42,46,59,40,15,19,33,75,66,40,17,52,88,73,94,110,130,160,113,139,136,195,192,239,179,81,172,142,128,102,113,181,167,128,122,66,136,88,75,144,110,152,136,110,165,136,181,172,73,122,102,88,119,104,37,48,187,207,222,253,237,157,68,40,80,136
59,102,94,137,102,102,53,94,86,86,94,128,66,81,158,145,137,150,81,137,119,86,137,81,66,81,119,158,119,152,94,137,111,86,137,94,86,86,97,137,81,111,128,94,102,46,86,35,27,46,55,74,86,74,119,114,131,150,137,137,119,94,122,119,81,81,111,105,105,128,142,150,86,81,128,158,119,86,102,128,119,128,114,128,102,136,66,74,59,150,81,102,158,142,128,119,111,66,128,97,66,86,128,59,122,46,86,94,66,66,94,94,119,136,111,142,102,94,76,111,128,52,74,55,86,128,74,35,111,111,66,96,136,128,136,86,62,142,201,160,128,94,136,136,128,192,128,136,86,66,59,32,73,145,142,179,157,111,142,201,201,142,186,186,157,128,160,150,94,102,119,111,94,131,122,81,157,192,111,59,32,35,81,102,68,73,150,76,111,111,119,157,152,128,86,86,111,46,35,66,66,96,52,73,145,35,68,68,40,119,110,142,142,105,119,152,128,179,157,157,214,181,210,165,167,110,128,175,150,102,102,66,66,157,186,131,128,73,142,157,136,136,37,94,119,186,110,35,119,102,128,165,172,179,172,119,145,192,122,128,174,102,110,86,59,128,139,102,61,68,66,52,81,136,94,86,88,119,110,61,96,35,23,37,35,46,46,110,83,40,27,86,86,52,15,19,42,68,59,86,94,122,119,128,128,142,206,228,219,122,88,136,157,81,86,142,165,139,104,119,113,52,52,165,195,144,48,110,110,160,128,172,73,119,68,110,86,110,119,83,113,152,181,179,195,136,119,73,75,61,86
111,172,119,53,69,119,89,41,94,119,111,137,86,102,172,128,119,119,74,111,111,114,119,53,59,145,81,150,94,158,86,111,111,74,119,131,119,102,42,111,131,172,142,74,94,81,83,52,86,86,94,41,46,94,102,128,86,119,158,122,97,150,165,59,94,102,128,119,102,172,150,102,111,128,102,136,158,122,136,142,119,136,69,119,136,52,41,66,94,62,83,102,119,119,128,111,111,111,86,102,81,102,136,74,46,52,52,59,74,94,119,119,150,136,114,81,94,86,131,62,111,52,88,102,172,52,66,52,94,136,66,86,111,136,114,111,102,195,228,136,62,74,59,96,175,172,94,102,136,86,66,32,66,128,136,102,83,83,128,179,142,179,206,179,186,128,94,119,113,102,119,86,81,145,122,62,83,128,165,86,42,66,73,73,66,59,102,136,122,105,122,152,136,94,86,66,68,61,81,94,81,35,40,81,102,61,40,59,27,94,128,157,150,136,157,172,214,226,172,136,234,195,172,238,150,229,157,150,128,165,52,59,59,86,119,136,81,59,105,224,195,222,207,172,222,157,102,46,94,68,66,119,212,165,86,128,142,128,102,130,142,81,59,119,160,139,29,119,31,66,59,40,52,94,83,31,73,52,81,59,31,61,59,59,46,160,110,27,88,128,75,94,86,35,31,35,40,81,52,42,81,104,102,94,94,172,219,197,195,144,139,122,130,165,142,88,128,139,110,157,142,46,75,197,142,136,52,122,94,128,81,119,46,142,33,59,110,119,160,139,94,102,157,80,73,52,96,35,119,46,83
142,128,142,59,41,102,119,131,81,137,119,111,165,150,128,111,102,81,111,74,128,102,59,74,153,86,131,140,97,137,114,81,94,86,105,128,142,122,86,137,111,131,192,137,74,102,41,52,83,76,111,52,55,122,140,94,86,128,194,94,137,142,122,142,102,139,86,119,102,205,142,128,179,136,86,102,86,119,142,158,94,111,128,119,66,94,86,41,81,128,74,86,74,81,86,83,119,128,102,105,81,119,142,59,119,102,66,97,97,97,59,74,136,139,136,74,74,142,111,59,86,62,86,158,94,68,96,119,102,111,52,86,94,142,122,94,142,201,238,128,55,74,66,179,206,111,172,195,111,102,46,76,59,111,136,105,52,88,81,102,142,195,142,142,219,179,102,167,192,157,136,160,139,96,73,102,111,94,172,150,73,81,35,35,59,29,59,119,122,102,119,128,119,119,110,83,61,66,81,54,52,40,75,73,73,66,27,73,73,94,186,128,150,152,157,210,228,195,160,157,128,152,219,172,224,220,119,186,136,66,96,88,119,181,165,110,94,33,66,150,206,165,160,119,202,88,81,119,186,86,128,202,206,142,52,165,219,81,94,128,122,86,142,73,66,122,24,86,68,52,73,122,40,48,81,46,73,142,46,86,94,59,94,46,128,61,40,31,104,128,150,86,81,46,23,59,83,66,52,83,81,94,81,142,119,113,165,172,157,186,157,94,150,157,119,110,110,128,128,152,130,83,136,144,94,136,122,94,68,94,73,136,73,73,46,52,136,130,83,102,179,172,136,73,35,61,61,130,66,61,119
102,150,137,111,102,111,94,153,179,150,128,119,140,97,81,137,137,74,89,119,86,76,66,122,111,86,158,137,137,81,128,122,137,119,102,158,142,122,137,86,128,131,128,128,137,81,52,86,86,119,119,102,94,102,119,111,66,137,131,119,111,137,69,179,102,119,66,119,86,131,179,172,86,114,128,142,179,136,158,105,111,81,41,128,94,66,66,74,46,111,128,55,66,111,102,86,97,142,119,128,83,136,172,165,86,165,165,94,48,86,102,46,86,150,136,74,86,122,86,59,111,131,86,52,105,96,136,105,111,35,40,136,179,172,111,94,165,228,240,195,86,181,201,222,225,206,252,172,119,76,66,119,81,128,139,111,119,128,73,81,142,150,94,111,150,214,131,181,195,194,195,192,139,40,81,150,150,96,142,214,33,32,32,40,23,37,68,81,86,128,81,105,128,122,119,81,88,88,52,31,42,59,86,73,66,46,42,73,73,136,165,86,68,102,152,172,187,119,128,145,73,128,175,160,165,165,142,202,201,142,75,94,165,192,194,165,94,150,142,46,40,35,23,73,37,110,110,172,119,150,128,157,210,130,102,186,181,105,128,73,59,136,52,83,195,40,150,59,165,136,110,35,40,46,81,75,81,61,68,96,102,40,73,142,27,142,46,52,88,52,152,119,52,73,52,59,94,54,59,142,66,59,122,172,128,104,81,157,186,179,144,110,142,102,94,110,75,110,172,172,102,88,150,136,75,94,130,110,66,86,94,136,102,48,68,88,102,113,73,136,172,152,149,102,59,83,102,61,94,96,119
179,179,111,119,142,128,158,137,142,142,145,119,102,119,128,142,140,128,128,150,86,128,94,76,128,142,142,160,137,81,128,137,137,119,102,150,128,94,86,111,172,128,59,128,158,59,94,158,66,83,137,111,66,76,76,59,74,119,119,76,111,89,102,142,59,102,66,105,119,136,192,94,94,136,158,128,142,81,136,74,81,52,150,74,114,102,66,88,111,74,102,74,74,128,94,86,111,128,145,128,97,165,111,172,128,94,128,111,94,52,74,94,102,86,94,74,81,102,136,119,111,102,59,59,74,68,81,102,81,59,59,122,186,201,131,83,158,222,240,225,201,231,244,214,222,222,233,172,172,66,139,142,139,142,139,128,179,157,111,102,94,102,52,119,86,197,179,111,165,172,165,128,88,81,150,157,81,128,192,165,81,46,23,54,32,113,157,73,86,102,111,111,128,142,81,73,128,102,46,46,81,86,46,94,42,40,54,27,48,102,142,150,86,81,136,139,119,105,136,222,150,139,157,110,102,181,206,220,201,179,102,81,179,225,215,152,165,206,150,46,46,37,40,94,27,73,157,59,27,86,157,222,232,150,81,150,225,167,122,136,102,94,102,61,150,157,128,102,113,157,102,66,83,48,46,83,52,150,157,86,61,88,33,17,152,20,128,61,40,66,110,29,61,110,81,40,119,160,61,46,86,139,73,136,136,130,86,86,206,142,165,88,157,207,110,81,73,136,228,215,88,66,136,86,88,119,113,110,75,119,110,119,110,94,130,94,86,130,119,136,110,160,149,83,59,83,102,80,113,119,94
111,158,172,74,128,172,142,142,111,94,102,142,172,165,137,142,111,158,158,158,150,119,111,66,119,119,142,142,131,119,128,111,81,94,97,128,128,131,137,119,142,142,94,81,111,119,94,111,81,46,86,94,86,102,74,52,102,128,102,52,131,119,94,128,122,74,74,119,119,111,160,119,131,128,94,172,158,86,81,74,94,81,66,94,119,102,94,52,102,192,81,94,136,97,81,102,81,165,201,97,119,128,128,179,66,158,74,94,59,74,52,46,59,102,81,94,59,66,186,81,52,81,119,76,94,119,111,32,86,48,59,128,192,179,142,111,119,186,225,201,131,228,242,165,83,122,228,172,94,136,165,150,96,157,152,142,192,192,157,150,94,52,62,136,102,150,194,111,172,157,102,66,94,172,172,119,52,111,214,119,128,59,32,86,81,119,66,73,102,86,175,105,131,128,76,136,150,94,66,94,157,105,35,110,27,31,52,23,48,73,179,210,145,119,165,128,119,186,222,242,195,187,150,131,94,165,220,206,179,136,73,102,206,234,186,81,142,242,219,110,136,201,220,139,110,110,145,88,12,81,201,210,201,110,52,122,192,157,119,130,152,102,40,102,102,136,128,86,35,102,81,119,128,40,31,66,94,59,86,96,35,27,35,86,37,102,46,31,113,86,144,110,122,66,81,66,110,150,68,48,75,86,86,172,81,172,94,136,150,181,172,240,152,215,206,110,122,186,234,179,75,68,81,81,150,157,136,66,157,142,128,86,110,157,144,144,160,167,136,128,119,121,110,88,66,66,65,96,65,102,119
122,119,94,94,111,74,142,140,165,46,59,165,158,119,150,102,131,150,150,142,81,111,102,74,119,86,128,150,131,114,74,76,59,86,128,142,172,111,119,86,128,172,66,94,111,114,86,52,81,81,86,94,94,86,89,94,102,81,74,74,142,168,102,142,94,111,136,142,128,94,74,158,97,102,128,111,122,94,66,114,136,97,175,94,136,62,136,86,165,83,102,136,114,66,66,111,128,136,142,94,66,74,136,102,102,119,131,46,111,128,66,119,119,119,81,59,142,119,119,111,88,119,111,86,52,46,150,83,111,52,59,74,142,195,194,136,102,142,202,165,195,210,195,181,136,131,136,150,86,136,102,94,94,119,160,172,179,210,201,94,59,145,179,119,119,142,111,119,119,150,142,94,128,119,128,102,68,73,186,150,119,68,61,76,86,54,86,88,96,119,128,102,119,81,94,195,172,46,52,81,102,145,46,119,54,61,61,86,119,110,152,192,210,206,195,186,186,225,206,192,195,150,152,139,81,110,224,172,105,73,52,128,179,201,142,75,150,228,210,210,179,236,228,172,197,222,157,152,94,110,201,236,219,167,142,179,201,136,113,73,88,110,73,59,86,119,102,86,52,42,104,27,31,35,40,66,122,96,59,59,35,46,94,52,15,46,119,31,81,86,61,94,110,54,110,94,27,59,142,52,31,31,136,81,94,73,187,83,94,210,186,186,167,187,187,186,194,192,181,119,40,160,81,142,119,88,136,94,165,94,110,66,110,142,160,165,207,203,160,142,86,86,142,136,119,81,35,119,31,121,102
94,102,81,137,74,42,214,81,53,74,66,122,165,81,66,158,186,137,66,119,46,128,86,142,83,175,142,172,97,137,97,59,59,66,94,111,158,111,119,89,81,111,119,102,86,86,86,33,41,102,94,74,94,119,111,48,66,86,86,111,150,152,136,136,119,142,111,128,150,119,83,114,111,86,94,74,59,59,128,128,102,111,86,52,94,59,111,142,136,150,172,119,94,86,94,68,122,160,59,165,52,165,52,139,158,102,102,83,111,139,94,105,142,102,111,94,86,128,81,86,128,102,111,86,81,111,52,102,59,59,37,48,119,172,186,172,150,225,201,239,222,201,167,192,74,195,222,94,96,172,73,102,181,150,167,128,76,142,201,119,68,157,186,52,86,96,86,73,73,94,175,172,94,81,128,145,73,81,172,192,119,73,66,111,94,61,105,81,128,136,94,122,73,48,110,157,172,68,16,9,16,172,157,136,172,186,122,160,150,136,136,187,222,231,202,236,228,165,113,119,110,113,152,119,102,119,214,122,31,54,52,73,102,73,66,59,102,165,172,172,174,167,172,165,187,212,165,181,192,150,110,195,249,243,234,165,142,186,136,73,59,81,86,73,61,31,52,83,86,40,35,54,31,35,61,66,52,94,136,75,66,128,83,46,128,122,46,52,40,81,104,52,110,81,59,122,122,86,68,94,119,66,59,75,40,81,46,110,113,136,157,157,59,81,128,228,210,119,157,142,142,122,113,52,88,94,75,172,81,94,139,83,59,165,172,172,187,195,165,121,136,149,165,142,127,104,86,73,52,73,59
128,111,53,53,94,111,111,119,94,102,111,66,111,128,102,165,137,81,66,142,158,111,119,102,86,192,59,94,86,86,81,66,52,59,111,111,86,94,128,94,119,83,158,32,131,81,81,81,66,86,74,59,102,137,86,32,66,97,114,142,119,136,136,139,128,119,81,111,150,128,97,94,119,81,66,94,86,81,158,119,74,128,86,74,119,94,74,128,172,150,139,119,86,94,119,86,59,131,119,119,94,131,62,131,111,83,81,74,52,136,160,94,119,111,111,142,119,168,179,102,131,59,150,16,128,81,74,76,102,42,86,81,131,186,210,181,207,225,250,240,240,186,186,150,66,186,243,214,52,111,94,73,136,119,96,81,40,46,94,142,206,46,113,66,94,94,119,119,86,102,111,94,128,128,73,86,102,142,172,142,128,128,122,94,81,68,46,119,165,145,128,73,76,102,110,102,157,110,6,3,19,128,119,52,152,172,165,150,128,142,172,136,136,206,210,201,192,157,150,102,59,160,150,181,136,152,195,94,35,68,110,86,94,66,46,52,66,122,83,83,94,52,94,142,136,102,139,136,150,136,102,172,238,243,186,102,96,119,142,68,59,88,86,81,110,86,54,73,75,68,31,40,150,88,61,94,104,130,86,139,142,142,119,66,119,167,46,83,130,73,54,48,66,86,73,102,110,139,136,73,86,94,46,24,66,54,66,66,122,88,54,61,128,157,102,172,195,52,81,222,181,104,52,40,128,86,86,102,142,128,128,59,102,86,102,149,160,157,179,144,136,167,83,142,127,127,80,59,119,73,119
102,86,46,74,119,102,102,131,119,102,119,119,74,102,119,66,119,94,179,142,66,186,122,111,158,158,111,119,128,128,81,66,94,111,86,74,86,140,137,128,142,69,35,158,137,97,86,111,111,94,81,69,94,102,74,94,52,128,158,119,94,94,165,111,102,86,111,81,97,111,119,136,122,81,86,128,150,94,86,128,119,94,119,111,119,74,88,102,119,136,142,128,97,97,136,150,136,128,128,94,119,86,81,119,86,74,128,76,102,119,66,119,111,86,111,150,136,94,150,136,111,111,105,128,48,111,59,74,86,76,66,128,128,172,195,136,150,219,205,240,94,142,145,62,165,225,59,88,32,27,59,81,128,192,131,102,83,46,172,239,210,59,119,94,139,194,119,192,150,142,73,81,94,128,122,102,119,131,119,136,179,131,59,27,59,66,86,157,128,136,157,111,110,119,102,128,157,94,19,24,66,46,27,23,31,31,40,46,46,136,179,73,81,167,145,86,145,195,192,142,128,186,192,157,181,202,225,66,35,179,179,110,167,165,86,110,110,105,86,102,86,119,88,136,86,113,119,139,102,122,142,179,179,157,94,66,105,86,119,73,110,59,122,128,94,128,20,61,37,31,27,42,128,150,66,136,119,157,128,88,192,160,128,110,160,96,128,119,128,119,122,128,119,113,122,165,113,86,142,172,73,86,128,75,42,86,54,42,73,66,59,73,81,128,142,119,165,172,66,40,172,142,66,94,119,113,160,157,142,73,86,88,73,81,136,86,110,128,128,102,102,110,73,127,149,136,52,157,149,167,119
53,66,119,111,114,111,102,86,86,94,94,86,66,86,119,86,137,128,41,142,128,86,97,150,150,165,89,94,128,140,137,111,86,142,128,81,150,150,119,81,74,102,94,128,94,111,52,46,41,74,59,59,102,137,94,46,119,165,158,111,122,59,81,128,66,66,111,102,81,94,94,119,136,128,136,94,94,66,83,128,136,86,88,119,86,35,102,66,111,139,86,83,128,136,142,150,172,74,55,86,111,111,131,86,136,128,86,128,119,111,128,150,86,66,86,102,158,179,172,131,94,119,83,111,128,128,105,86,32,102,66,122,160,119,165,158,142,195,142,111,152,111,68,128,52,142,66,186,66,42,128,179,142,201,236,150,73,81,231,241,228,157,165,150,165,86,136,86,152,150,172,136,96,76,214,139,32,46,157,142,119,119,46,23,59,59,119,113,128,142,128,102,119,113,73,136,157,86,94,119,128,102,81,142,37,40,46,40,52,150,181,68,59,160,119,83,142,157,157,186,192,206,186,157,175,216,228,31,19,142,160,113,130,174,150,172,165,157,157,152,150,157,150,152,102,157,142,167,119,136,119,179,192,110,61,66,94,66,66,94,102,88,110,104,54,59,35,42,31,37,29,83,66,96,110,122,142,86,179,110,152,181,81,150,88,172,142,142,119,179,102,165,128,94,119,144,128,113,136,52,128,81,94,122,96,33,66,88,73,81,52,94,86,59,150,206,192,165,152,165,192,157,179,142,86,136,157,73,86,81,110,96,81,75,59,35,46,83,142,122,81,142,75,73,165,127,157,121,152,121,110
53,94,165,102,74,81,94,69,76,74,102,111,102,111,102,102,119,94,86,128,119,94,111,150,137,74,66,94,111,172,179,137,94,119,119,122,152,119,81,76,81,94,119,128,102,59,86,19,35,102,94,86,86,102,94,102,119,142,142,128,119,122,42,97,46,81,59,128,102,52,66,119,175,139,102,102,52,111,86,102,81,128,74,136,88,32,55,59,119,66,81,86,122,175,150,102,136,111,111,86,105,94,150,94,66,165,142,94,94,111,192,165,86,81,111,136,150,142,94,102,96,131,142,119,111,66,74,59,35,119,119,88,192,192,119,150,186,142,86,128,86,102,76,37,66,172,83,88,142,81,94,172,206,231,240,192,59,88,234,250,243,214,186,150,136,136,136,113,206,179,210,86,172,195,119,61,35,119,136,195,86,131,119,66,52,40,81,186,119,102,86,113,179,119,52,88,94,61,150,187,157,172,167,225,152,167,136,157,142,214,206,66,66,113,102,110,119,102,119,210,216,192,150,165,160,186,142,24,19,86,139,102,52,102,197,179,157,136,150,172,150,128,219,179,119,165,186,160,128,122,83,157,197,136,68,73,88,113,110,86,102,110,88,61,40,35,66,59,66,31,94,86,46,42,119,139,110,86,128,119,119,152,110,179,186,150,139,181,102,102,215,73,94,136,110,110,174,157,102,88,73,88,128,113,52,128,172,88,86,102,73,102,102,66,157,222,142,86,157,207,197,219,187,142,142,86,113,142,102,102,73,119,136,102,59,27,31,102,119,88,136,96,61,102,127,94,61,73,96,119,86
128,105,137,53,46,74,83,119,137,86,128,111,142,81,97,74,114,89,81,122,81,94,128,137,105,59,111,158,140,142,145,102,137,179,137,128,119,128,128,119,81,81,122,111,86,41,46,32,46,59,94,86,59,74,102,66,102,137,128,74,94,150,52,66,83,128,59,102,111,81,52,136,142,94,102,136,111,66,86,102,52,165,66,119,128,81,66,59,74,35,139,165,136,172,175,136,111,136,142,74,102,102,86,86,81,128,119,97,136,119,128,136,111,86,94,172,136,81,152,128,81,114,111,102,119,102,59,74,81,81,136,186,150,150,119,122,165,111,81,122,192,192,94,81,131,96,150,165,136,81,111,210,214,240,206,142,111,94,145,165,165,165,172,165,210,128,81,119,181,142,136,142,119,52,46,40,66,102,86,201,111,94,94,96,35,119,35,136,61,102,111,186,152,94,52,35,52,86,94,157,128,59,102,119,150,102,157,142,216,236,179,94,81,68,96,128,86,86,172,186,157,105,139,192,172,201,59,16,27,105,214,187,110,102,145,136,102,83,119,94,142,136,172,174,142,207,150,96,110,110,66,113,150,122,81,81,119,179,179,110,86,81,66,52,42,40,73,81,73,66,122,81,40,59,157,172,122,128,104,150,136,122,160,186,219,113,157,144,152,130,102,128,142,172,81,66,113,128,48,81,52,122,81,119,40,165,119,195,94,172,165,110,122,102,201,219,128,68,81,113,179,192,136,212,186,144,88,73,83,130,179,139,119,128,102,86,110,102,128,136,165,142,113,128,73,73,52,75,102,96,65
86,102,114,53,94,150,128,119,119,137,142,94,128,81,94,94,137,111,119,122,89,111,119,94,86,76,111,165,137,142,119,119,150,152,128,150,83,128,142,128,142,111,66,86,86,55,52,81,74,111,102,89,94,81,111,102,59,74,66,66,74,66,102,102,94,111,150,86,46,94,111,114,128,86,119,131,105,41,88,66,74,158,46,94,74,128,94,81,81,66,94,158,139,105,128,142,136,131,114,66,142,40,74,46,81,74,119,136,111,136,102,86,74,66,102,128,119,94,165,119,86,81,152,74,46,74,76,128,119,175,122,102,111,102,158,145,172,114,74,150,214,222,205,242,232,119,94,172,201,187,142,142,219,233,181,66,46,46,35,55,76,142,194,240,222,66,128,52,102,62,68,66,76,54,52,86,66,94,142,206,172,150,86,68,23,111,81,52,94,113,167,194,179,102,52,59,81,52,46,136,136,27,81,40,68,66,105,27,232,192,113,131,113,73,102,110,86,165,202,145,122,75,172,195,219,220,73,6,139,243,249,245,225,186,172,195,172,105,66,66,119,110,128,238,192,136,81,86,110,119,136,128,73,75,102,86,136,197,197,136,83,86,94,48,31,73,81,81,104,128,88,54,54,73,142,192,157,128,136,165,136,160,179,165,130,172,142,110,157,122,83,128,150,142,86,59,102,83,81,110,128,88,119,68,139,94,94,128,113,110,181,157,187,104,186,215,73,52,75,119,181,165,222,231,172,110,102,86,61,149,210,179,179,172,119,160,206,149,127,167,157,80,83,66,119,54,157,20,86,110,59
158,74,53,105,111,74,205,41,119,137,142,102,181,158,97,102,119,142,111,111,179,86,66,119,86,86,94,150,142,142,152,179,179,179,150,119,81,111,111,111,128,128,74,94,52,62,128,32,35,86,102,111,74,62,102,74,111,111,94,66,81,59,66,94,105,128,128,74,102,114,102,94,76,81,102,102,66,59,66,86,128,128,111,52,66,102,94,128,128,111,55,68,111,68,62,111,139,102,74,66,94,35,114,48,46,86,158,97,52,139,158,66,48,48,119,119,76,150,102,128,128,81,81,119,59,111,158,119,142,136,81,83,119,96,142,186,136,68,102,105,142,222,251,233,240,136,86,94,186,136,165,219,192,210,201,59,35,81,40,52,179,226,216,222,212,35,52,86,59,52,73,102,94,94,119,119,94,59,128,192,111,73,102,66,40,94,128,119,128,119,165,167,128,152,86,110,105,23,52,172,128,48,66,23,46,81,94,66,119,179,102,136,81,145,142,136,179,197,165,136,94,136,128,201,194,157,119,31,229,249,234,232,201,201,179,228,228,110,88,145,122,157,187,187,192,59,179,142,122,157,157,139,86,61,113,136,102,105,142,150,110,110,102,40,48,119,110,73,102,144,94,68,83,94,136,192,174,136,150,150,142,150,172,128,142,142,88,102,110,119,122,81,94,136,110,48,59,102,139,119,86,160,94,119,172,150,172,94,128,81,86,110,110,139,157,192,172,157,119,122,219,232,210,225,179,110,96,59,160,136,160,165,186,142,94,167,232,242,240,179,149,127,52,52,40,136,20,127,61,139,110
86,66,66,111,119,74,81,86,111,172,158,119,105,66,55,111,128,86,94,86,128,137,81,158,74,81,119,137,152,119,102,172,152,197,150,62,102,66,59,119,111,119,102,74,86,52,62,52,52,66,102,140,102,81,158,150,111,81,119,119,119,131,119,46,111,122,81,142,131,119,94,74,52,94,122,86,74,74,114,142,97,86,158,128,81,74,94,150,128,86,46,46,86,66,74,86,52,52,66,59,40,94,74,66,81,86,119,74,35,128,111,55,52,74,114,119,88,142,128,119,94,76,86,76,160,94,136,81,142,136,102,111,102,119,128,128,105,62,81,74,172,139,228,225,186,172,96,32,128,201,195,195,214,214,157,111,150,165,172,160,165,240,228,165,157,119,73,102,113,111,136,136,160,157,165,136,111,83,81,187,219,94,73,73,52,68,136,139,81,86,150,157,110,86,94,119,119,73,83,102,119,29,6,27,35,66,128,66,94,86,157,122,128,192,192,102,119,165,136,52,48,110,86,128,86,42,128,167,73,150,131,52,19,73,150,212,219,181,186,186,157,195,110,52,192,86,192,105,165,119,152,119,113,81,102,142,68,61,119,110,113,35,52,52,86,152,128,102,110,152,150,136,110,110,139,142,165,150,128,142,136,119,142,157,174,75,68,86,102,139,104,59,86,128,122,52,40,59,113,150,113,136,157,157,150,172,226,142,94,94,113,52,66,172,172,186,195,186,224,195,157,239,226,239,201,110,119,94,119,122,128,119,102,113,160,186,226,245,250,219,165,86,61,104,46,86,104,144,127,165,130
81,102,128,102,86,114,81,102,102,160,142,66,128,81,59,53,158,81,89,158,66,86,150,111,74,59,140,142,172,102,128,128,137,128,76,119,52,52,59,83,81,102,122,81,86,86,66,66,86,86,111,114,97,81,97,119,111,66,119,214,37,59,94,102,158,74,59,111,160,128,86,66,81,52,97,74,59,119,142,128,111,88,102,150,52,46,74,158,111,32,46,102,81,74,74,59,74,52,46,83,46,81,59,46,74,111,94,66,59,68,81,86,66,81,86,119,119,94,142,111,74,158,88,128,175,76,139,128,128,119,142,136,94,94,111,102,102,40,46,59,142,35,228,214,136,96,73,73,157,201,195,186,192,186,142,179,201,186,136,228,206,233,186,201,214,195,46,119,128,86,128,94,150,201,172,157,111,136,136,139,139,119,66,32,86,111,102,131,119,94,122,179,145,73,94,81,128,86,59,102,59,48,35,24,46,52,110,96,83,119,128,128,165,96,96,86,61,83,139,102,66,66,119,94,73,35,94,150,68,73,59,6,3,35,128,186,225,222,165,145,179,150,136,86,142,186,128,110,94,73,150,110,75,52,52,73,66,54,81,73,86,48,23,46,96,113,136,152,186,102,210,179,157,136,144,122,130,150,150,139,110,119,139,165,192,104,68,83,94,128,110,88,119,113,83,66,35,46,102,157,110,104,192,172,179,187,195,179,110,86,113,110,66,86,150,167,172,187,215,181,152,165,219,219,195,130,73,104,94,94,73,102,119,110,94,122,222,237,192,185,187,165,73,149,81,61,157,160,157,119,54
119,81,74,114,158,172,102,81,111,97,111,119,59,35,86,111,81,128,111,69,131,137,145,119,111,89,172,94,86,111,140,119,158,186,81,66,46,52,83,46,86,74,86,137,119,137,94,55,150,69,94,86,111,111,86,102,105,74,136,172,66,66,94,128,111,66,94,111,42,59,128,102,81,86,66,102,111,83,158,119,86,111,136,119,35,46,81,52,66,114,111,66,40,52,66,94,105,59,40,150,86,59,52,59,52,86,83,46,88,81,128,119,68,74,74,94,86,74,128,128,81,175,158,179,186,142,172,111,111,150,201,145,119,128,94,150,160,66,46,46,88,35,113,142,74,68,86,105,94,172,222,145,142,142,111,160,202,210,231,222,201,197,206,242,207,150,131,94,111,119,122,128,94,145,194,167,128,136,102,167,66,186,27,73,68,102,29,73,157,160,76,172,244,142,136,157,81,59,35,52,66,175,225,165,157,157,86,73,150,175,128,119,122,86,59,61,40,40,157,207,172,187,157,186,175,94,128,219,231,186,130,102,59,73,94,157,172,179,128,113,128,119,186,102,110,172,128,119,81,59,81,96,29,61,81,52,40,42,46,59,52,66,23,31,119,128,150,157,186,187,128,201,142,144,187,119,110,206,165,157,128,102,142,128,220,179,81,40,73,119,167,136,136,113,86,102,46,66,110,157,96,119,157,201,206,110,139,172,172,142,110,94,81,54,102,142,139,136,142,201,206,212,215,222,226,216,149,94,102,110,66,81,104,59,86,172,207,222,165,110,157,127,80,83,73,110,130,192,80,46,46
119,81,59,74,81,137,74,74,74,111,74,86,34,111,74,46,94,137,111,76,158,122,86,97,128,137,94,165,137,102,66,128,131,86,59,59,81,41,137,172,74,52,119,168,140,128,111,59,66,35,59,111,94,94,122,105,119,114,128,128,86,102,111,74,89,76,102,102,66,52,105,128,74,59,105,59,76,150,111,74,111,128,192,165,32,59,52,81,66,97,66,102,52,35,66,35,66,111,81,81,59,35,66,48,48,68,52,83,102,81,52,59,66,94,102,111,111,74,102,94,94,150,201,160,158,172,136,150,158,136,131,119,128,114,119,179,152,76,66,52,52,66,96,66,59,40,35,66,73,181,214,197,136,113,102,94,175,238,136,172,160,207,195,157,206,29,68,105,119,122,102,86,46,128,160,119,150,111,150,102,157,128,46,66,27,32,61,23,86,150,145,165,225,142,110,157,37,94,46,167,61,110,192,242,228,248,165,128,122,136,128,131,119,167,110,52,75,46,110,207,179,179,222,206,219,179,224,228,206,222,212,210,220,186,110,66,52,119,128,102,94,105,152,130,52,128,152,110,119,48,48,35,29,86,102,46,35,35,54,42,48,128,73,37,119,150,160,150,94,104,102,150,160,165,172,160,165,206,157,186,110,81,150,110,157,165,128,59,110,110,195,150,150,119,165,139,40,73,119,136,94,136,136,150,157,128,122,179,172,157,104,81,75,46,83,150,104,73,110,206,243,236,222,251,243,181,187,104,86,136,110,94,94,88,128,192,179,142,149,88,142,160,110,119,104,94,59,94,102,48,94
94,111,86,81,97,111,81,94,48,94,41,102,137,86,59,111,128,111,119,102,66,137,137,131,128,195,86,74,137,119,74,102,74,35,137,119,94,128,152,128,111,128,137,128,142,86,74,86,111,81,35,74,46,66,152,165,69,128,111,119,119,128,94,66,114,111,102,102,97,62,81,94,94,94,97,86,81,131,66,158,119,136,136,186,52,52,105,119,81,81,52,86,74,32,83,74,46,66,46,33,32,35,42,48,52,48,74,142,59,35,66,40,35,105,119,131,114,52,136,158,150,94,142,111,102,142,119,158,136,88,88,74,86,136,186,172,139,102,111,74,46,86,142,86,62,42,46,111,179,214,187,165,172,142,113,73,131,214,150,105,94,94,73,66,52,73,32,111,122,119,59,94,172,172,136,119,139,111,113,136,111,136,111,13,66,46,19,66,16,139,201,122,46,157,139,110,102,66,119,201,142,136,86,229,195,222,59,110,165,102,110,102,122,172,157,102,139,86,119,201,157,186,186,160,219,150,128,172,206,165,212,219,222,222,122,37,46,59,110,110,110,192,150,68,54,94,145,73,59,68,59,31,19,42,66,35,40,40,59,81,102,157,128,102,66,96,110,83,35,37,59,160,167,128,157,201,157,128,165,157,136,96,142,144,136,174,186,142,136,136,136,142,142,110,136,128,46,81,130,128,172,102,157,128,157,142,128,181,152,142,128,136,113,94,113,128,94,86,83,119,207,201,224,232,185,172,110,113,119,86,66,52,81,122,142,157,160,86,86,130,127,174,185,167,68,42,165,80,65,121,94
94,122,102,111,86,172,83,111,41,94,94,74,94,137,97,114,74,119,128,119,86,102,81,94,137,160,119,142,114,59,111,74,81,69,111,128,102,165,172,94,52,94,137,94,158,165,52,74,94,59,59,94,102,74,81,46,81,131,102,102,122,81,94,102,102,111,102,94,94,94,32,48,66,128,105,59,86,86,62,128,122,111,111,122,66,74,81,102,42,66,102,41,41,81,102,86,46,119,86,102,74,52,94,52,59,119,150,111,52,94,86,37,37,86,66,119,128,122,172,119,94,86,55,136,86,142,150,142,136,111,131,94,81,150,201,216,228,186,192,172,111,150,139,81,59,83,94,142,186,192,167,119,128,105,102,113,145,181,192,142,59,24,27,40,46,66,86,119,192,128,81,142,150,139,136,119,52,83,165,157,113,76,94,35,46,11,23,13,110,110,136,110,105,113,122,157,172,40,131,195,136,68,110,179,210,66,40,152,131,86,88,66,119,172,160,94,59,86,172,175,228,59,102,152,194,61,102,102,201,160,194,145,192,194,142,42,31,83,94,110,136,172,66,31,75,66,102,105,52,35,31,66,35,29,35,29,35,61,94,110,102,83,128,128,66,52,66,54,42,66,102,142,102,94,181,179,136,142,119,122,150,96,128,139,172,187,186,119,152,165,119,136,144,75,73,165,157,66,110,150,142,144,157,172,152,174,139,185,179,152,113,181,202,179,172,144,119,102,73,66,128,122,160,139,136,136,81,110,149,29,66,136,113,104,127,96,83,119,165,149,165,139,179,127,113,59,29,94,96,110,130
74,94,122,128,137,131,86,59,66,102,74,94,102,119,66,81,94,172,119,137,128,55,74,94,158,131,86,66,74,52,150,131,102,94,165,179,140,128,142,119,128,111,83,145,102,94,119,122,74,119,158,102,94,97,94,83,74,119,111,42,35,81,102,66,69,86,59,41,66,74,13,32,66,102,69,37,74,46,41,111,111,111,119,94,59,52,52,41,55,74,52,59,81,102,81,102,111,119,119,136,158,119,37,86,76,150,119,74,86,152,128,66,88,111,88,128,128,111,128,59,102,139,83,128,86,205,150,152,160,128,128,136,76,142,231,226,236,186,236,222,222,194,86,88,73,96,83,48,94,165,195,105,83,128,111,111,111,142,192,157,119,16,16,81,165,102,136,150,165,142,105,119,128,186,128,86,94,73,94,150,102,46,73,40,33,32,81,73,122,102,157,128,94,73,136,195,128,59,136,119,136,119,131,119,102,46,75,86,110,96,81,83,145,105,113,81,19,86,172,119,142,66,19,94,136,37,142,81,52,66,165,73,186,167,52,33,46,102,59,142,73,113,86,94,66,110,81,88,46,46,31,46,73,35,33,35,75,102,128,86,94,110,122,110,94,66,110,73,66,113,119,119,144,167,165,152,172,136,88,102,152,75,59,130,94,110,136,119,172,122,142,88,110,96,73,144,142,73,81,128,165,201,142,207,194,185,130,157,179,128,81,207,216,206,192,172,119,119,119,73,40,59,88,81,142,110,73,66,88,31,75,165,142,119,142,86,94,201,224,167,149,127,192,102,88,52,86,73,59,75,94
86,142,150,94,86,137,142,111,81,94,66,94,66,86,59,86,66,168,119,102,81,46,119,94,142,86,165,46,94,137,172,142,201,179,142,137,142,86,119,142,102,128,111,111,137,76,59,119,142,172,74,158,74,74,52,111,102,81,102,111,52,41,86,94,111,94,37,105,74,27,52,35,41,35,46,16,13,41,81,86,102,119,111,102,59,46,59,81,52,81,102,119,114,94,111,142,111,66,102,128,94,111,175,94,68,102,97,131,131,111,102,102,128,136,128,111,74,119,59,136,76,136,94,74,136,111,150,187,128,139,119,94,111,158,228,202,142,192,201,205,233,157,74,172,102,66,52,40,66,165,233,192,157,192,94,76,66,94,142,186,172,35,52,128,179,136,179,142,128,179,128,157,172,111,76,81,165,81,86,122,94,81,59,33,52,81,94,73,86,102,94,94,48,76,165,165,86,73,136,81,37,110,52,73,102,81,42,23,46,157,81,33,33,83,59,66,37,46,102,128,31,6,142,86,81,86,110,102,48,42,66,59,52,52,24,27,54,81,96,122,73,139,128,86,136,139,48,40,94,19,27,37,54,66,94,128,110,122,102,119,157,157,113,128,110,104,128,81,119,46,119,165,142,150,152,157,119,86,144,128,136,88,59,73,75,110,174,181,165,142,130,96,113,104,54,81,128,86,81,102,136,136,142,192,167,150,102,128,119,150,119,81,192,210,113,102,119,136,130,52,23,102,102,73,119,73,66,61,66,46,128,197,172,144,149,139,119,206,238,185,157,185,172,119,102,113,35,94,86,59,59
140,153,119,74,128,172,150,119,74,142,119,81,81,128,94,111,86,102,111,66,74,102,137,142,179,172,152,86,140,140,181,140,105,140,186,128,86,66,74,137,137,86,128,102,102,158,59,119,137,86,102,111,102,94,122,136,105,94,46,62,52,94,111,32,105,86,111,81,74,27,66,35,35,66,46,27,46,35,46,66,102,97,48,52,81,35,81,158,52,150,192,88,40,81,136,152,102,81,94,102,94,83,128,114,86,66,66,66,66,175,202,136,128,172,142,83,52,86,111,74,74,128,86,128,181,136,145,128,102,81,165,150,136,192,214,157,86,186,179,195,210,175,179,205,152,52,142,142,128,187,233,240,210,181,113,86,81,122,111,224,136,46,96,128,119,152,142,136,128,179,152,150,157,111,102,105,86,128,73,136,111,66,86,105,94,110,94,96,59,54,94,136,102,102,165,142,48,16,86,150,54,75,86,66,73,29,81,59,35,81,40,31,27,31,40,48,86,35,40,52,94,96,73,86,66,81,136,128,66,42,31,35,35,19,75,110,94,102,94,102,113,234,86,157,136,83,33,102,46,52,75,86,66,81,59,73,128,102,144,102,179,68,94,83,142,130,102,75,119,119,52,165,157,102,119,119,110,110,179,150,142,136,75,73,128,152,192,167,172,150,86,119,110,68,59,81,86,86,102,73,102,94,73,110,96,94,73,66,110,179,165,110,136,142,46,61,119,110,66,66,66,94,110,86,73,59,94,73,66,104,192,167,136,136,157,130,119,220,247,185,149,187,142,136,113,102,65,142,88,42,104
111,74,81,165,179,142,137,137,128,137,111,81,165,165,128,128,137,59,74,102,89,122,137,137,137,150,152,142,94,137,142,102,122,128,158,119,81,74,81,150,158,105,128,105,41,111,119,137,74,111,165,35,94,137,158,137,102,94,55,66,86,52,94,46,94,86,158,102,94,41,62,46,35,76,81,74,23,52,66,66,66,102,86,59,86,81,105,119,152,68,102,52,94,136,94,81,102,119,111,102,114,102,81,74,94,76,66,66,59,105,158,136,128,158,128,59,86,94,86,55,59,102,136,158,86,179,128,94,152,136,83,94,136,179,202,94,40,96,122,205,179,201,219,192,179,157,145,157,142,157,165,210,187,119,94,111,145,136,66,179,111,66,37,128,136,102,128,131,167,157,157,152,175,157,128,94,111,167,111,37,111,102,119,157,7,102,113,110,61,59,119,157,122,122,201,145,33,33,102,136,96,73,46,23,52,110,48,19,42,52,46,37,13,13,40,35,35,40,59,110,59,73,128,102,46,66,152,68,66,59,37,46,42,31,27,27,81,128,68,52,35,81,152,96,81,160,81,94,167,46,66,59,35,37,40,40,59,113,142,81,110,94,59,110,86,102,94,139,152,40,52,136,201,102,94,119,150,142,110,172,157,142,96,144,86,187,181,172,136,150,81,172,81,59,102,86,113,142,104,73,75,52,59,46,81,52,52,54,81,102,197,195,128,110,94,81,83,136,119,61,59,61,68,113,102,66,54,86,94,136,172,102,81,144,149,110,142,215,229,187,119,127,127,73,102,119,113,127,52,102,142
81,86,128,179,158,111,150,179,150,66,74,86,158,128,172,140,137,111,59,89,102,137,128,89,83,102,102,111,158,128,86,105,94,137,128,150,128,74,111,145,150,137,111,74,86,128,66,74,102,142,119,111,81,137,81,55,128,94,94,94,102,81,52,128,94,59,150,42,111,128,23,41,86,66,168,19,81,102,111,94,59,35,81,37,46,119,131,32,74,74,52,172,128,94,66,76,76,81,114,136,160,111,66,52,102,136,81,46,83,119,128,136,119,119,114,66,40,86,122,55,35,66,102,128,128,111,105,128,111,136,111,59,105,181,150,105,46,40,94,102,119,195,197,167,172,128,142,102,105,128,96,102,94,59,86,111,128,81,102,128,150,122,35,172,128,136,157,150,172,142,165,181,186,179,136,111,136,102,111,52,66,102,94,73,23,42,73,96,59,81,73,165,225,225,219,119,102,81,59,110,73,73,29,27,88,110,61,110,83,31,73,81,68,52,68,94,81,75,61,110,157,157,119,81,73,86,86,52,35,128,157,86,59,33,23,81,94,75,73,86,105,24,19,113,81,88,40,40,52,68,29,54,27,23,35,61,102,110,157,150,181,59,94,68,59,59,66,119,102,68,113,128,172,130,94,157,144,104,136,172,144,130,119,104,113,202,130,172,128,86,119,142,68,52,68,81,136,119,81,66,59,73,130,83,113,40,83,86,24,94,228,215,142,119,150,130,73,81,130,59,46,86,66,59,96,59,66,119,75,81,136,102,48,104,157,144,167,172,174,185,102,88,73,52,102,104,96,66,73,136,136
81,111,128,137,128,81,137,128,142,66,94,119,86,89,195,131,94,128,59,74,128,128,81,86,119,74,74,158,111,53,102,172,142,128,119,175,179,128,119,137,128,102,86,81,86,81,105,142,111,74,86,119,114,86,111,86,74,111,102,119,111,119,66,81,105,52,74,150,35,41,41,59,102,37,102,102,29,94,142,131,111,142,86,41,48,119,128,114,46,150,128,66,59,97,119,102,76,81,111,119,136,86,102,119,94,168,111,40,150,119,119,136,136,111,74,59,74,86,105,66,59,59,86,88,88,59,68,81,128,74,35,111,179,179,111,94,165,150,128,157,136,175,172,119,136,175,111,66,128,128,102,66,59,73,128,105,40,122,195,157,94,157,172,136,96,142,152,157,111,167,167,179,167,150,160,136,139,102,81,94,88,54,68,59,83,27,94,52,52,46,86,195,248,241,165,86,113,68,23,73,75,102,52,81,66,102,40,102,75,61,96,88,59,86,86,110,128,94,46,113,150,46,110,52,81,110,9,110,142,105,86,83,59,145,81,33,73,46,83,40,23,86,75,46,40,35,35,61,102,66,31,35,52,33,31,61,83,105,157,157,150,110,136,122,119,59,31,46,128,73,144,142,128,144,150,136,150,165,157,128,128,83,94,88,150,104,119,187,94,119,110,81,81,46,52,113,102,75,94,81,86,142,110,128,110,86,75,110,88,157,210,219,157,136,181,142,75,52,96,94,52,119,81,75,59,66,46,61,86,54,128,119,81,149,127,102,152,174,185,142,102,94,68,80,73,61,80,52,102,88,104
137,128,142,128,94,74,111,168,140,119,86,142,111,94,140,128,94,114,81,81,102,111,94,111,137,48,158,142,62,74,165,172,150,137,128,158,195,172,86,81,94,111,128,111,69,81,128,172,86,52,74,119,128,81,128,158,66,66,74,81,102,111,102,62,102,102,41,81,74,32,76,66,41,27,111,150,86,41,52,59,86,74,59,37,74,128,142,165,81,172,97,33,81,97,111,40,111,102,136,97,66,111,66,74,94,111,119,136,59,111,128,94,158,62,52,86,158,46,122,102,52,81,81,102,74,74,68,59,94,74,40,145,193,187,179,136,136,238,111,225,228,179,145,186,219,142,102,94,142,157,139,111,145,167,167,111,40,157,165,150,86,136,165,96,86,102,165,150,86,179,172,160,111,81,142,128,102,136,68,83,150,83,122,94,86,52,105,68,81,46,86,206,244,219,102,94,66,73,86,83,110,94,73,119,40,52,27,86,119,110,86,119,81,31,86,102,59,52,33,75,16,102,31,27,48,20,110,61,66,94,31,102,113,40,81,81,73,40,27,23,86,24,73,12,40,94,40,12,52,86,66,35,59,66,66,119,165,157,207,192,142,179,179,136,128,110,59,68,94,128,136,157,167,157,142,160,150,136,157,139,142,110,119,94,81,94,150,142,81,128,110,128,102,81,110,139,128,88,94,122,128,142,122,119,102,110,119,102,212,160,181,172,172,142,142,102,54,66,104,128,102,94,102,102,40,81,35,35,110,66,94,144,119,88,66,127,142,179,197,88,104,88,94,119,59,52,68,61,102,35,94
81,119,128,119,137,81,111,94,94,94,94,137,76,74,111,137,142,81,74,102,86,128,137,128,111,111,137,179,94,165,111,119,172,137,128,137,128,165,111,46,76,94,142,119,66,81,81,175,140,66,94,102,137,119,119,111,94,74,105,111,81,74,102,86,66,74,27,46,66,27,35,81,128,86,33,59,94,46,23,41,94,94,41,74,111,66,86,168,119,52,111,48,114,76,62,102,97,158,158,81,40,46,66,97,83,66,131,158,52,195,59,119,66,48,86,145,145,128,119,165,86,105,94,119,102,119,86,86,35,59,76,160,195,192,160,150,181,193,111,249,222,165,122,128,210,167,111,113,136,172,201,186,172,214,165,102,73,186,192,136,167,55,81,157,128,105,102,119,128,157,157,139,94,86,128,105,61,157,119,86,142,142,128,81,136,73,86,94,81,66,128,195,175,128,94,73,73,110,86,59,88,35,81,157,35,23,110,105,139,122,52,94,110,33,31,73,40,33,86,54,96,27,52,46,35,130,157,102,102,46,19,23,130,81,27,110,75,29,23,94,105,52,31,40,73,35,31,23,59,35,46,73,81,42,48,81,86,179,222,167,195,160,172,185,142,113,81,110,94,150,172,160,174,179,167,122,59,94,165,157,179,113,119,122,66,122,128,119,119,119,86,102,165,142,165,157,113,130,130,102,110,157,185,96,113,66,144,104,144,150,150,181,174,128,59,59,59,119,130,110,128,75,157,86,59,46,136,136,113,75,73,104,128,102,139,157,102,66,88,68,83,94,142,119,59,75,73,86,73,40,86
119,86,66,119,137,86,119,66,158,94,142,119,119,111,86,142,150,119,119,137,59,105,192,165,94,172,89,172,145,128,66,172,150,86,74,111,94,111,114,62,59,81,137,128,66,59,119,119,119,59,119,165,137,111,111,102,94,102,105,102,128,94,66,86,41,41,27,52,66,94,35,66,111,59,23,66,150,102,46,46,81,102,86,102,102,59,119,102,81,81,74,88,128,86,66,136,66,94,111,81,59,74,59,59,111,128,83,40,128,102,46,145,66,102,83,128,179,131,136,165,114,86,158,86,94,122,74,119,27,59,157,119,214,195,76,119,192,165,128,228,210,128,81,66,179,119,102,94,128,181,86,96,136,119,94,48,136,192,231,113,145,59,136,157,128,83,66,142,142,111,157,172,113,94,111,59,76,119,113,128,181,142,122,119,136,66,59,86,61,102,172,157,105,46,37,48,102,94,52,86,94,48,86,81,35,110,110,96,119,94,35,81,110,52,40,102,94,46,81,105,102,81,94,83,96,152,150,66,142,66,24,59,94,165,150,59,40,29,61,35,142,110,81,68,88,5,105,5,96,66,31,81,110,52,40,94,66,128,142,219,201,206,181,216,136,66,119,42,81,157,142,150,185,201,110,81,144,165,212,195,172,150,96,144,130,144,139,139,122,73,128,128,122,150,150,119,94,128,110,113,142,142,102,102,179,139,110,73,40,86,179,225,187,86,27,35,86,110,104,59,157,96,110,86,66,52,192,215,128,61,66,130,149,172,179,127,59,42,61,86,88,121,149,110,94,83,59,52,73,37,42
81,74,102,119,131,131,86,128,142,83,94,119,74,128,128,128,142,165,142,74,53,66,158,142,81,150,142,52,158,74,122,142,102,66,94,111,81,86,111,86,66,111,142,97,119,41,165,48,102,131,76,111,94,59,165,128,94,74,81,74,131,111,66,128,41,32,13,81,74,150,52,76,35,35,62,74,81,86,81,81,74,86,111,142,86,86,128,102,86,111,81,94,102,102,68,81,114,86,102,102,59,86,119,102,111,172,59,40,86,136,81,97,145,81,74,66,158,195,158,142,94,94,114,172,150,128,114,94,66,48,142,128,214,157,102,179,172,165,128,157,195,157,165,157,119,73,68,136,157,150,102,86,46,23,46,46,128,165,219,94,111,119,119,66,102,113,86,73,175,105,142,157,175,139,59,66,86,59,136,128,136,83,128,94,119,81,73,96,73,128,150,142,119,46,23,27,61,59,113,128,128,136,54,27,81,160,110,94,88,46,40,73,102,102,113,81,83,83,86,122,128,68,119,150,113,81,31,73,40,81,40,66,119,102,52,54,73,75,73,37,105,195,81,40,119,35,54,52,31,68,66,102,142,110,42,40,68,73,86,210,150,136,206,160,35,86,66,102,81,128,174,179,185,150,86,86,210,172,202,195,150,172,119,94,119,86,150,172,157,88,94,102,119,130,81,94,81,52,142,194,142,119,172,88,122,152,86,52,54,83,136,157,110,61,35,46,130,139,119,122,94,68,83,110,66,68,81,165,165,81,94,192,202,192,172,130,83,68,80,102,110,127,127,160,96,40,68,40,96,54,40
74,137,158,102,53,46,74,142,128,111,119,142,111,97,137,131,119,66,59,41,66,102,53,102,128,119,137,105,102,142,137,158,128,142,119,114,74,128,150,128,165,128,69,97,165,52,102,46,158,160,86,52,81,86,139,128,128,52,52,52,81,94,81,128,52,41,59,94,41,94,66,89,16,23,59,41,46,102,86,37,27,52,102,131,105,59,59,150,102,111,102,81,150,102,94,74,102,136,111,86,66,74,66,139,114,142,111,105,165,97,142,81,74,122,131,131,81,105,102,111,128,142,142,102,136,111,76,66,102,59,122,157,207,202,210,214,172,210,136,113,131,179,214,210,94,66,59,119,224,157,136,111,59,35,66,86,102,136,179,136,102,66,81,136,165,81,145,86,142,136,102,119,119,128,52,102,46,102,142,119,73,102,76,46,122,119,119,94,136,150,119,110,150,119,46,27,35,40,102,102,165,150,83,24,66,136,94,68,75,40,46,59,102,142,94,54,54,52,81,110,73,139,181,172,61,19,27,35,35,86,66,66,113,102,66,59,96,113,105,68,40,110,94,102,66,66,40,35,83,66,102,94,94,88,105,81,75,68,40,52,23,73,165,52,66,102,52,167,201,122,119,157,150,136,139,104,86,157,194,144,157,152,83,139,119,88,181,128,122,119,48,59,94,110,86,48,86,83,86,201,225,136,75,160,128,86,86,75,59,102,66,52,102,83,59,142,206,194,194,149,75,94,142,130,128,48,59,122,128,86,128,207,224,201,172,172,110,59,66,94,119,157,139,102,68,42,52,94,102,83,40
59,81,94,111,102,94,102,119,137,142,119,128,74,142,142,94,102,86,111,102,69,86,66,81,119,86,142,111,89,158,160,158,179,175,142,94,119,111,172,158,158,94,94,192,137,59,52,97,119,94,142,86,111,111,94,105,81,55,46,94,52,41,52,81,111,46,152,86,27,102,76,59,27,16,59,59,97,111,35,19,42,86,122,66,119,102,142,41,111,111,88,102,111,81,102,136,94,136,111,81,111,66,66,165,102,59,186,172,195,88,136,172,59,165,111,59,81,66,136,139,128,114,96,86,76,102,111,111,114,52,94,172,181,222,214,236,216,150,62,76,150,195,179,165,172,102,88,172,231,193,186,136,167,76,105,105,136,150,186,172,102,81,136,128,131,96,119,128,81,172,150,136,165,94,68,111,81,40,111,94,160,94,86,52,94,119,88,136,152,142,96,165,186,105,113,86,40,68,73,157,150,102,150,73,73,110,73,54,128,94,59,66,94,94,73,102,52,40,94,88,46,179,172,88,40,27,54,94,86,122,102,42,83,145,86,48,73,59,66,86,52,59,110,110,35,40,46,88,66,83,66,68,128,136,75,52,66,94,54,31,81,96,102,102,81,102,59,119,185,119,68,119,139,119,66,59,150,136,94,119,81,83,86,59,59,192,73,73,83,113,27,128,150,83,128,136,144,119,52,157,244,136,142,59,81,144,81,94,66,144,102,128,83,104,102,185,172,139,192,165,185,152,157,142,167,59,86,102,66,66,121,149,172,185,192,144,59,29,68,94,127,157,113,54,59,59,80,88,73,80,52
66,86,74,74,59,102,81,111,172,160,111,74,165,86,94,128,119,74,114,74,66,102,102,59,142,172,181,128,86,137,186,179,172,168,165,158,158,137,165,172,158,179,172,137,69,46,89,94,41,102,142,137,111,102,119,86,86,86,74,74,59,52,86,86,86,66,139,119,42,81,42,32,27,37,81,105,128,111,59,81,119,88,111,81,83,105,86,74,136,76,81,119,119,52,195,142,74,111,165,81,68,119,114,94,86,81,158,150,66,219,111,136,94,111,139,81,81,119,111,94,62,86,105,150,128,102,142,74,102,167,111,150,195,222,172,142,193,179,172,136,165,181,175,214,179,128,119,205,210,201,179,150,81,94,94,105,94,160,205,186,119,86,111,119,136,128,136,136,102,139,175,165,150,139,102,142,128,96,122,195,111,94,81,86,88,157,94,150,110,157,119,110,105,165,197,122,86,96,110,66,150,157,172,181,86,110,66,110,86,81,119,81,31,59,110,131,54,128,128,145,102,122,119,37,37,40,59,86,119,157,110,94,128,157,139,66,102,128,81,86,88,66,54,66,35,42,66,66,94,110,88,88,119,122,94,73,66,110,102,29,35,102,61,81,59,128,119,81,119,102,86,66,102,119,136,142,152,122,81,102,66,59,86,128,197,142,46,119,27,40,157,81,96,102,181,234,206,94,46,66,201,212,35,102,167,73,96,139,136,122,187,192,181,149,130,96,167,179,185,149,160,130,142,181,136,149,96,68,68,68,48,59,119,136,121,81,46,46,54,110,139,81,73,94,65,80,65,73,48,96,73
83,119,165,35,111,41,165,142,131,128,111,94,66,89,128,128,128,114,81,128,119,150,66,32,142,53,137,158,102,158,86,165,179,186,172,202,186,158,165,179,195,233,137,69,111,94,23,66,94,94,102,102,94,128,131,168,142,94,74,74,128,119,119,119,94,128,66,158,102,41,27,41,33,74,89,66,128,128,111,94,94,111,102,119,46,66,136,128,74,46,136,81,168,86,111,128,81,128,128,97,94,119,131,119,62,142,59,94,136,179,88,83,158,86,136,74,66,114,83,114,139,136,86,150,205,192,192,136,111,62,210,195,157,157,192,119,229,233,210,157,81,131,192,152,136,32,102,236,131,136,165,94,86,111,111,86,46,128,179,150,86,52,73,113,131,136,152,128,139,142,157,179,165,136,136,136,119,111,122,131,94,105,40,81,83,167,195,139,86,150,119,102,192,236,222,131,119,86,94,66,197,167,210,157,142,66,102,110,48,59,105,75,66,128,119,119,142,186,157,187,157,73,52,68,29,37,46,66,81,119,150,122,113,157,142,73,206,234,81,54,75,40,66,31,27,86,59,61,83,119,119,66,75,110,128,119,66,73,81,40,31,122,86,46,81,68,81,59,81,59,46,54,94,110,75,73,110,102,59,40,96,113,185,160,68,88,75,73,73,59,128,142,59,110,179,201,174,128,81,83,210,229,128,102,139,46,102,144,142,238,172,207,174,152,139,96,94,157,81,73,88,142,86,122,83,54,81,46,136,73,40,94,66,88,52,52,86,59,27,110,127,127,73,152,102,46,52,94,94,119,65
137,137,119,66,41,119,81,59,97,111,81,150,128,94,59,74,86,137,105,46,94,81,66,81,94,111,83,94,102,165,179,201,212,128,228,165,158,142,179,214,192,201,150,122,81,66,41,89,46,59,119,128,81,86,128,172,172,128,119,111,136,119,102,158,142,111,59,111,172,41,32,66,35,81,94,66,102,111,81,69,102,94,102,102,46,114,158,76,102,119,139,128,165,59,81,86,119,119,81,81,128,111,94,111,62,119,86,136,74,136,136,46,128,86,66,128,88,102,128,102,86,119,179,128,197,242,219,222,179,186,207,214,157,172,210,231,195,222,225,142,139,76,83,139,73,59,113,186,193,142,233,142,201,214,179,195,222,226,202,111,94,76,81,81,81,139,88,86,181,136,96,167,139,136,150,136,86,81,113,111,81,59,61,96,142,175,128,76,61,73,142,214,245,255,251,157,61,81,139,46,66,145,160,122,160,157,122,150,59,88,68,136,206,192,181,187,150,142,219,119,86,81,66,102,31,73,86,46,40,81,119,66,59,110,86,52,195,243,102,19,46,59,35,52,27,61,35,33,35,52,59,46,35,52,83,130,110,59,61,110,119,59,96,59,81,75,128,165,144,113,46,48,73,73,59,52,110,157,81,59,96,73,104,136,61,102,102,35,139,185,119,94,48,75,195,202,179,81,52,150,212,194,88,110,119,61,102,185,207,167,179,142,142,130,150,128,110,136,113,46,94,68,54,52,83,122,94,31,149,128,128,122,157,59,52,83,86,29,46,127,149,172,94,121,110,59,102,172,172,142,61
128,86,86,102,111,69,111,142,74,128,74,128,76,66,59,41,66,74,102,53,66,66,81,94,81,41,74,83,94,172,210,201,214,242,231,179,195,239,165,186,201,207,165,142,52,137,94,97,52,142,195,142,74,94,122,150,179,172,128,86,111,86,119,145,74,66,74,122,158,81,32,86,48,55,111,102,41,35,81,97,94,119,102,74,83,119,88,102,136,119,94,150,150,81,52,74,119,86,102,81,136,119,66,111,119,76,119,119,86,136,111,81,102,145,102,81,52,119,119,119,142,150,136,105,111,165,186,197,224,165,247,195,195,205,157,186,225,240,229,205,160,88,23,94,66,113,128,150,165,179,119,192,195,201,195,212,160,197,219,181,128,145,102,102,128,102,119,76,142,76,83,48,94,150,113,122,86,81,94,81,66,73,66,68,102,128,110,59,52,66,119,240,255,255,254,150,66,83,86,96,88,86,102,142,165,152,152,179,157,119,119,136,195,234,225,172,119,167,185,83,48,40,86,46,113,96,81,73,40,52,66,52,52,68,75,52,136,244,172,19,31,52,20,86,19,35,54,31,29,35,33,52,46,46,96,75,152,128,75,152,142,102,52,46,86,136,128,167,128,122,61,61,75,52,46,119,139,185,136,68,66,110,52,136,86,139,104,66,130,160,94,29,35,119,192,172,130,157,192,174,179,185,150,110,165,167,113,160,179,192,157,119,142,113,88,110,119,88,66,96,59,35,59,102,73,59,113,68,104,96,136,94,110,152,110,142,102,66,102,172,73,172,88,142,136,75,136,157,139,113,42
137,119,137,142,165,114,111,137,102,158,131,137,142,81,76,53,59,89,74,66,53,46,41,53,81,74,140,158,158,225,186,233,216,192,214,224,232,232,222,179,179,186,165,128,128,142,86,158,137,158,74,201,137,119,74,128,128,136,111,52,52,94,142,66,131,59,102,74,111,41,46,81,62,59,136,111,59,35,55,66,111,165,102,74,81,94,74,119,86,114,119,142,165,119,52,94,119,102,128,114,119,139,114,111,119,94,102,102,86,119,68,94,74,128,145,111,52,74,83,150,201,150,158,136,74,42,136,74,102,157,150,224,219,119,225,192,128,238,236,201,145,66,139,102,48,81,94,122,172,165,165,113,150,172,73,136,142,142,195,197,76,128,195,73,113,236,136,102,62,157,48,94,122,214,152,136,179,102,81,52,59,113,66,46,86,119,131,59,68,105,145,251,254,254,245,142,110,86,68,142,152,73,81,165,206,195,150,195,195,157,181,157,157,192,179,157,150,136,128,119,54,52,52,24,136,119,131,128,31,31,59,73,52,59,66,66,167,240,165,46,59,75,119,94,86,48,94,66,96,94,73,68,81,86,122,86,136,172,86,185,110,73,94,66,96,104,119,144,142,119,119,128,128,119,102,94,110,119,139,81,86,81,110,139,96,139,52,83,130,165,54,46,104,216,181,88,128,192,237,150,201,167,165,94,119,187,185,150,165,136,165,174,136,102,88,130,104,136,172,142,81,104,119,75,94,88,96,75,61,113,136,222,222,222,222,181,139,113,94,94,119,94,110,228,174,172,73,207,130,130,113
137,119,122,102,137,137,102,119,172,172,193,201,222,172,186,210,165,142,150,97,86,114,119,69,86,74,111,179,214,150,179,137,150,192,192,233,236,210,192,219,179,186,142,81,114,102,145,89,165,59,119,102,165,89,119,94,97,160,142,52,74,94,119,102,192,83,94,35,27,46,41,52,111,81,105,105,114,74,59,97,102,102,74,81,66,102,76,102,139,160,160,128,128,119,102,81,111,139,114,128,119,111,142,102,105,128,152,74,74,97,102,81,66,119,128,86,74,81,86,119,195,158,158,179,86,68,128,59,59,94,186,167,197,136,192,86,165,186,219,205,201,179,150,142,76,81,73,66,59,86,150,59,131,165,55,76,46,96,119,86,46,111,205,136,73,205,142,76,66,142,86,175,160,214,139,195,165,102,165,128,102,111,81,52,113,110,110,136,94,110,216,255,255,255,214,179,150,128,102,157,160,119,110,157,187,206,197,172,174,187,179,110,139,207,174,102,136,128,119,40,86,35,27,73,83,157,128,128,61,33,66,66,75,105,81,86,172,192,152,86,139,136,192,128,179,160,136,81,160,165,119,37,54,86,88,88,94,142,160,174,81,88,86,110,48,94,102,73,119,94,128,119,128,152,104,59,104,136,113,119,94,174,128,122,59,81,88,61,150,136,66,59,152,187,185,88,128,179,181,104,220,157,202,172,172,234,195,195,225,216,197,194,136,165,202,206,194,119,172,228,128,102,66,96,136,86,40,66,110,202,225,212,222,245,232,121,86,88,83,119,144,102,127,192,225,102,73,194,215,195,139
102,114,150,128,165,102,158,94,119,158,225,219,214,179,197,236,236,214,137,74,150,210,179,192,195,192,214,186,228,201,165,165,165,210,195,195,195,210,202,160,202,195,94,69,128,94,94,59,81,86,150,131,119,128,102,111,136,128,86,81,128,152,136,119,175,102,86,35,35,52,52,158,119,66,119,136,81,111,160,111,52,52,41,150,52,66,94,142,128,128,128,128,88,111,111,76,119,139,83,94,111,66,119,94,74,136,158,59,74,81,136,88,66,111,81,88,88,96,111,102,128,158,136,142,136,119,136,167,150,195,157,94,186,165,136,113,52,52,167,231,195,214,233,187,111,66,83,73,66,105,59,136,83,131,96,73,35,40,52,59,145,179,105,142,193,86,86,35,192,119,86,102,172,113,201,157,128,142,128,119,94,83,73,40,23,131,110,157,94,142,255,248,255,251,192,179,128,128,119,94,150,186,186,206,212,201,192,157,160,142,94,96,94,119,131,73,165,81,61,81,40,66,96,110,46,102,102,48,31,46,81,73,66,102,66,66,83,128,119,81,150,172,157,142,179,228,206,81,139,165,94,31,46,86,102,104,73,102,150,110,81,83,40,128,48,94,94,110,46,73,119,73,110,136,52,83,113,136,102,96,81,86,122,40,52,46,83,94,142,128,68,81,119,185,187,172,167,160,66,59,94,119,165,228,157,206,172,225,152,225,195,157,136,215,243,206,212,216,226,228,142,104,46,46,104,66,66,119,201,234,240,234,240,243,225,119,59,54,66,104,66,102,96,127,144,94,127,192,222,165,139
81,76,158,192,137,142,179,41,81,102,224,205,158,150,142,195,236,228,102,111,150,172,212,128,195,224,232,210,222,248,248,228,228,231,240,231,231,219,172,179,205,201,137,111,59,62,137,168,52,111,94,142,165,179,102,97,102,102,119,165,150,128,94,119,128,74,41,89,81,89,119,105,86,111,76,119,111,102,139,136,66,32,102,81,59,74,111,111,66,86,46,111,66,119,102,136,160,111,76,81,86,86,86,86,119,94,94,66,102,105,136,66,128,66,86,119,111,111,102,102,86,136,119,86,152,157,119,152,167,222,179,175,172,167,94,40,40,32,152,250,248,238,220,157,136,142,179,119,48,62,94,73,94,94,73,48,59,37,35,94,201,202,145,111,150,192,105,94,172,160,102,73,128,113,193,81,76,136,68,105,94,52,48,35,81,142,157,113,119,234,249,248,255,142,157,136,83,81,40,73,157,175,201,222,214,172,157,172,102,73,119,110,73,75,102,73,94,105,94,110,96,119,61,59,86,105,88,81,31,29,61,86,52,59,86,66,59,113,88,94,142,150,142,81,142,179,181,110,88,86,73,59,86,119,142,142,110,86,104,88,86,81,46,94,86,86,75,86,54,81,110,94,73,73,73,113,81,66,86,86,128,40,96,59,94,52,128,119,119,17,73,73,86,119,102,130,212,83,29,52,59,59,243,202,219,172,224,94,195,201,234,165,86,81,136,157,179,195,152,206,187,52,40,86,136,136,179,174,238,237,219,236,222,206,201,127,31,94,149,127,94,80,104,192,127,94,130,167,201,152,54
89,46,128,142,150,172,97,102,111,94,142,201,122,142,158,186,210,195,140,122,137,137,122,97,158,192,192,220,236,245,255,253,250,251,249,248,247,249,222,195,150,158,111,81,81,128,111,119,137,128,86,66,94,192,137,81,89,128,119,94,136,142,111,86,81,97,41,46,46,89,150,111,41,76,119,119,94,66,145,142,94,81,74,94,136,66,35,131,35,131,52,94,81,86,81,179,128,122,102,74,86,86,52,111,94,48,66,139,74,111,111,66,94,46,94,102,119,111,81,102,136,81,74,74,102,157,102,62,111,210,210,181,179,210,122,86,66,52,128,238,249,242,192,179,210,210,192,66,66,83,86,76,59,81,136,128,119,102,35,73,187,195,136,175,219,222,102,94,220,175,128,201,179,142,136,152,61,32,61,88,86,86,52,35,86,128,157,94,172,251,242,228,241,73,142,119,94,66,29,88,102,157,206,201,179,195,122,150,128,66,119,68,68,94,139,37,136,152,105,136,113,128,86,68,86,119,110,73,46,33,33,94,142,201,202,94,81,110,96,86,174,86,113,150,122,119,128,88,61,75,66,59,66,105,119,128,122,142,122,73,75,81,61,59,66,59,52,66,128,102,81,86,46,59,113,110,75,59,86,73,110,73,73,86,73,96,94,66,167,86,96,94,96,94,94,130,150,59,31,81,68,128,232,179,250,222,242,119,73,195,240,207,94,31,59,139,48,66,139,160,73,23,40,73,66,195,160,215,185,222,165,192,202,174,149,127,59,24,113,142,110,127,181,68,110,130,136,149,172,172,130
94,66,81,128,145,81,81,158,94,172,137,193,137,160,131,111,142,201,192,89,181,119,13,94,102,172,195,231,232,165,201,119,201,210,216,222,238,232,205,150,172,137,165,94,86,59,181,150,74,131,119,119,128,97,74,74,128,136,119,119,81,128,119,83,83,119,94,86,97,136,128,102,94,136,74,88,131,81,128,158,111,128,128,158,131,81,128,94,86,119,66,74,97,136,102,128,119,136,119,66,97,86,59,97,35,74,102,94,94,68,32,74,52,111,66,81,74,94,128,119,131,74,46,102,59,157,42,68,150,172,222,131,219,222,195,179,94,102,102,181,238,234,219,192,150,139,172,175,128,119,66,32,35,131,214,192,157,128,46,86,179,136,111,136,205,210,88,96,225,157,111,192,157,157,86,105,145,59,33,42,76,119,102,59,94,105,119,210,247,248,241,207,94,88,73,131,66,27,52,86,102,165,185,150,165,142,160,94,145,81,73,52,152,185,150,96,94,119,119,136,113,142,157,110,94,110,128,105,75,75,61,73,165,216,185,150,136,119,139,229,81,228,128,165,73,105,150,94,35,88,81,59,46,46,130,160,119,165,157,48,24,96,68,52,40,102,73,86,139,110,66,73,88,130,150,136,104,104,94,52,94,113,75,59,73,88,59,86,185,128,73,102,136,157,136,83,128,185,136,73,52,110,216,222,222,222,192,61,81,240,219,201,136,73,42,52,46,40,102,75,35,66,40,94,83,174,110,136,66,167,121,149,142,88,83,110,48,81,149,40,86,187,136,86,42,104,54,94,179,144,54
102,111,66,128,89,59,122,97,111,193,119,142,142,128,59,66,111,137,187,150,186,102,35,94,181,119,243,222,172,119,150,59,59,119,69,137,228,219,165,195,165,186,165,97,86,142,83,160,66,137,86,66,111,150,81,86,142,165,66,69,94,119,46,24,35,46,52,41,128,158,74,136,111,122,128,94,114,59,74,136,119,74,59,111,94,74,66,94,94,74,52,97,119,119,76,165,119,94,94,74,68,81,86,55,68,81,83,94,102,102,35,111,74,119,86,48,122,165,172,105,59,105,102,66,74,86,32,128,165,165,214,172,225,220,216,214,187,128,150,179,214,238,249,205,59,111,210,207,210,145,142,27,119,202,214,142,81,179,172,172,172,86,59,102,150,210,46,128,179,195,102,192,179,142,113,119,81,76,46,27,86,186,122,52,66,136,119,192,250,242,201,165,172,110,66,122,96,94,73,113,145,136,157,192,179,150,142,136,150,88,86,142,86,105,52,102,29,102,113,113,128,94,142,130,102,86,136,122,86,94,110,94,110,157,179,172,150,119,142,165,94,181,86,86,88,86,61,59,128,128,88,46,40,52,75,160,136,157,165,81,68,73,37,119,122,172,94,59,94,128,86,59,110,157,150,102,102,94,96,81,73,128,110,75,110,66,66,94,88,113,68,119,174,142,86,81,122,194,165,54,59,119,157,165,139,136,81,119,119,181,243,187,136,94,75,66,46,24,73,174,174,144,40,110,128,81,81,48,75,73,86,102,80,73,59,75,110,61,31,59,104,149,172,35,54,17,104,152,136,61,59
119,86,94,137,102,105,111,74,102,122,81,179,192,94,37,27,66,137,186,197,172,142,158,86,172,179,192,186,150,102,94,131,46,41,59,137,233,205,97,137,225,222,150,142,158,102,128,137,81,86,74,128,119,165,74,102,142,128,168,122,46,32,46,21,66,35,102,74,97,102,76,119,46,102,179,102,66,83,136,158,111,66,76,111,111,102,59,59,111,136,122,102,94,105,94,66,74,86,46,46,94,119,86,66,74,111,114,111,119,111,102,94,94,86,81,102,142,158,119,81,68,119,128,74,111,59,81,81,172,220,195,222,195,210,219,212,187,142,201,219,205,231,242,165,111,195,216,160,238,136,152,102,145,205,201,19,105,202,240,150,59,66,122,81,136,205,54,181,86,54,102,88,73,214,128,119,111,128,40,32,86,157,119,32,48,102,193,193,222,172,210,165,42,73,52,102,81,119,157,110,145,172,192,228,150,96,174,150,86,131,128,113,88,165,136,59,86,86,113,102,94,122,136,113,75,73,94,150,75,122,122,73,81,81,165,136,81,122,110,86,119,128,81,86,102,105,73,94,119,102,83,86,81,66,83,66,128,144,139,165,35,61,94,128,130,130,136,61,86,102,110,86,94,104,94,52,88,83,68,128,52,160,165,130,94,113,75,102,81,113,94,122,150,119,66,29,66,88,83,83,66,160,157,86,96,110,102,139,119,195,244,167,83,86,96,94,48,52,102,226,234,192,119,104,136,94,52,59,94,94,61,96,86,73,127,142,119,75,68,86,52,130,113,35,73,73,86,96,102,40,27
86,102,102,128,102,102,102,97,102,74,102,214,201,142,86,35,59,137,179,179,172,179,210,137,172,179,86,119,142,179,216,214,142,94,74,131,222,214,111,165,219,219,186,111,46,201,192,59,122,122,94,94,150,89,89,111,201,187,165,111,59,23,32,27,17,94,32,19,192,59,81,136,128,128,145,142,94,97,136,94,66,136,136,102,136,66,52,19,136,172,165,66,74,111,68,102,86,66,59,59,102,81,52,114,94,102,74,66,150,136,76,111,165,105,94,86,105,81,81,86,102,114,94,94,152,96,86,105,193,245,201,192,165,195,214,157,142,150,205,214,179,157,172,119,192,212,228,222,210,186,192,172,128,186,165,19,73,201,234,94,27,52,128,186,128,157,54,192,102,52,66,128,66,210,152,165,88,111,73,59,35,35,105,23,68,122,150,197,136,66,102,119,86,27,33,40,83,68,86,145,139,122,136,110,102,136,131,86,94,128,102,136,110,86,86,48,86,94,88,110,94,105,96,73,46,94,81,96,81,88,68,73,94,81,52,110,59,73,73,113,102,102,94,110,102,102,136,165,136,136,122,75,81,73,46,48,75,119,187,119,119,75,150,59,128,128,110,88,150,46,66,157,110,83,110,81,52,73,94,104,136,165,181,172,81,160,119,157,172,104,104,122,113,94,46,37,142,96,73,73,81,130,113,66,66,128,128,130,144,219,244,179,73,119,179,142,110,165,202,179,195,222,210,81,46,94,94,110,52,46,61,81,102,81,94,181,136,59,33,54,96,136,157,86,61,66,54,65,149,59,27
81,158,81,111,94,94,76,119,102,86,142,186,168,150,137,119,74,59,111,86,172,228,236,192,179,205,81,52,137,207,222,222,222,150,66,158,222,195,145,192,219,205,160,119,94,150,136,122,114,158,94,142,119,81,114,142,192,152,105,158,66,81,23,59,74,66,81,74,102,97,165,94,59,128,225,150,111,102,136,119,81,136,88,150,122,19,40,150,128,136,119,66,102,59,81,59,86,83,94,102,94,142,66,66,94,81,52,52,102,102,94,111,128,128,52,66,74,59,94,76,94,66,81,136,74,74,113,186,201,214,192,179,165,186,192,186,165,142,172,195,192,150,128,172,187,202,243,246,212,236,229,157,179,142,86,16,86,225,192,62,27,66,142,197,172,52,59,172,62,131,192,232,136,128,195,128,40,42,105,52,13,24,27,46,88,23,150,193,142,37,66,94,66,42,20,23,102,110,122,119,73,66,73,73,96,119,52,102,102,86,94,142,128,131,102,66,66,86,96,81,46,52,75,110,81,110,96,61,73,61,81,96,59,52,88,66,83,59,88,128,102,130,150,86,66,83,157,172,142,194,139,66,54,73,52,61,75,128,136,119,110,75,110,61,122,110,122,102,66,94,102,144,119,46,59,66,86,136,150,81,167,197,31,179,83,157,113,172,187,128,150,104,66,81,59,122,152,157,59,94,88,119,52,66,94,102,179,94,179,219,236,181,128,172,207,234,185,201,206,160,202,229,231,83,46,52,66,75,40,33,73,113,96,136,96,73,119,61,46,80,127,86,110,119,75,68,61,54,80,54,88
53,160,94,66,94,86,86,102,86,122,137,186,165,119,165,179,94,27,35,32,172,222,236,228,233,225,119,41,128,165,186,222,205,158,102,158,224,158,111,179,225,201,142,142,102,102,119,128,86,136,131,111,119,119,102,81,86,89,86,136,139,83,32,66,74,131,35,52,102,181,179,119,83,94,150,172,111,142,150,186,128,128,128,74,59,41,46,128,145,128,81,111,66,40,102,35,59,111,46,94,102,94,66,42,52,102,37,119,59,66,94,102,81,158,119,66,66,74,111,111,66,94,114,52,55,94,81,128,186,142,205,142,150,165,172,202,225,207,186,186,202,205,186,192,195,214,242,244,214,226,231,212,210,122,46,32,142,225,179,46,27,94,160,201,195,73,86,111,23,122,240,238,150,179,175,119,46,35,23,32,48,102,86,32,52,23,150,142,197,31,52,66,35,23,19,68,119,86,122,119,81,94,48,20,31,83,128,94,86,128,46,150,157,187,96,136,110,128,96,113,86,68,128,110,96,81,33,136,52,52,152,46,110,35,102,86,73,59,46,110,144,128,139,130,94,81,66,83,172,139,66,81,59,59,68,52,119,113,75,59,73,81,102,102,104,110,110,73,81,94,73,83,128,128,75,73,128,119,75,113,81,185,81,96,142,94,59,119,83,102,165,130,59,66,40,46,150,165,110,102,46,165,59,96,181,150,222,142,172,231,234,179,113,172,220,244,222,187,201,192,225,231,245,73,96,88,40,46,19,52,149,201,201,224,219,157,149,46,52,75,144,149,139,86,59,86,94,54,127,110,83
41,94,102,76,94,94,94,46,86,137,175,142,142,128,179,186,86,29,27,32,94,119,201,187,222,179,128,59,81,128,175,168,150,119,66,128,205,152,94,145,193,212,137,102,139,128,86,81,114,86,86,97,128,111,81,81,105,142,139,136,158,81,20,41,94,74,81,86,128,210,195,88,88,86,150,142,136,139,160,136,158,122,83,46,150,59,94,165,192,128,94,59,59,88,52,74,74,74,86,119,114,46,55,52,86,81,186,66,86,66,66,111,81,66,119,111,46,111,165,136,86,40,167,35,59,94,102,157,165,172,136,139,193,233,195,179,210,228,192,119,150,192,175,172,157,175,210,207,201,231,228,228,214,94,46,96,197,231,157,55,46,105,181,172,172,119,139,94,59,96,142,219,220,128,81,128,54,42,35,73,119,165,165,86,23,27,96,102,152,52,52,35,42,35,68,88,136,86,157,122,119,88,29,31,81,86,81,110,75,66,52,139,150,86,119,142,150,172,150,119,86,113,142,105,128,130,66,66,96,81,52,81,54,105,105,102,52,52,94,122,172,136,86,136,185,73,128,165,102,59,66,81,66,27,46,46,96,119,86,59,73,113,128,122,86,86,110,102,102,73,31,40,110,142,122,86,86,66,59,119,150,174,81,110,160,102,86,81,81,59,73,81,73,59,119,110,81,119,73,52,94,165,142,113,222,234,224,220,172,229,234,157,110,167,197,179,172,179,181,212,225,241,234,157,119,192,59,102,48,86,195,244,245,249,245,240,160,23,54,121,192,179,110,52,75,104,144,113,65,80,52
66,66,119,66,59,111,128,35,97,46,128,150,119,94,137,142,74,27,19,27,10,16,105,52,165,69,74,102,59,165,193,158,94,52,74,137,205,158,94,142,179,222,137,150,142,102,105,66,119,94,86,136,131,81,111,128,94,111,128,186,86,59,35,32,35,35,66,74,119,192,142,102,128,136,142,136,136,111,94,97,111,150,111,88,102,128,59,158,111,74,66,111,86,81,59,102,86,59,81,102,94,150,46,52,81,119,97,81,29,142,74,59,88,114,96,55,111,165,158,76,122,113,68,59,96,105,86,214,231,225,186,150,222,251,248,219,201,172,165,94,105,136,142,142,76,111,94,142,172,222,231,142,136,113,46,172,242,210,73,42,88,119,157,150,54,102,192,142,73,62,119,210,181,46,59,86,86,86,88,119,139,160,165,35,9,59,83,66,113,113,59,150,128,46,31,54,110,88,86,165,113,46,42,88,86,59,81,86,102,102,119,46,102,150,94,142,94,202,136,128,142,136,130,81,86,88,105,73,96,73,110,81,81,37,119,75,88,66,81,81,52,81,52,52,136,165,81,136,66,128,102,104,94,152,52,66,66,86,113,128,130,110,113,119,110,102,119,128,130,81,31,31,172,172,110,86,94,68,83,110,181,202,119,157,165,128,142,136,96,88,122,122,130,119,81,94,68,94,46,75,165,157,174,192,243,242,244,238,241,201,201,179,167,167,128,83,110,128,157,194,215,225,201,185,194,225,201,185,157,192,237,245,229,215,239,206,110,23,68,127,219,149,94,40,130,119,202,195,80,88,110
111,111,111,53,66,119,128,53,74,32,86,119,81,74,97,74,46,46,32,27,19,16,53,89,16,27,137,74,94,205,205,150,66,89,128,201,210,179,111,165,186,187,160,142,111,102,111,102,86,136,94,145,136,105,102,94,97,122,128,165,111,81,86,35,20,83,32,19,35,158,150,136,111,142,142,122,111,158,160,128,142,142,66,74,111,86,76,62,59,111,97,111,111,81,46,52,59,74,59,86,102,86,74,40,52,105,86,46,122,40,74,74,81,86,62,74,96,81,74,111,119,74,111,105,74,74,179,225,222,187,225,212,175,228,186,157,205,175,136,128,76,165,86,152,86,66,48,102,76,152,165,212,102,179,119,172,201,172,86,68,96,113,179,142,37,96,210,150,66,52,172,113,83,73,52,66,111,52,29,113,131,81,54,27,35,81,81,66,86,110,73,105,94,40,40,81,86,102,128,110,86,68,94,96,136,128,81,81,150,152,46,119,102,192,150,157,110,119,139,152,157,145,94,110,110,68,86,66,73,94,110,54,40,110,52,94,105,66,48,46,73,52,46,73,86,110,119,59,128,119,122,139,136,75,102,66,104,61,66,113,165,142,86,113,139,119,136,128,165,86,54,35,201,136,122,104,128,46,52,139,165,172,150,179,136,119,165,160,119,96,128,139,94,81,66,110,119,73,66,139,144,179,194,165,228,226,247,248,242,136,102,149,165,181,119,136,119,86,128,157,187,174,128,157,231,244,244,228,225,245,237,187,86,42,80,142,73,29,48,160,228,185,54,59,165,165,179,172,157,104,80
119,168,81,66,81,55,66,81,81,94,86,53,111,97,83,66,74,111,102,94,114,94,74,142,81,119,111,81,172,150,158,128,186,119,172,201,179,158,165,150,158,158,105,111,94,119,81,158,66,142,136,102,142,128,86,86,136,150,128,136,128,97,48,27,52,66,46,35,27,165,139,150,142,142,128,119,122,142,136,122,142,86,86,122,86,81,46,59,59,83,94,94,62,74,76,66,62,46,83,142,111,59,86,66,52,55,27,52,40,35,76,102,81,52,74,81,74,96,122,86,74,66,81,74,66,81,150,150,111,152,111,111,105,105,66,136,81,81,86,73,19,27,165,119,131,73,113,122,111,32,210,128,160,167,73,94,152,172,186,142,86,136,172,76,113,145,245,179,142,119,185,210,167,102,59,54,52,54,24,54,105,46,27,48,88,81,59,83,35,102,88,35,27,94,102,102,119,81,59,46,81,128,136,160,139,136,136,119,113,128,131,102,122,185,142,110,142,185,136,136,165,150,81,81,122,83,110,142,59,81,59,81,42,52,52,81,73,35,102,102,68,46,46,86,73,35,37,66,94,119,66,88,119,150,81,86,73,59,94,86,86,128,136,88,104,96,66,165,122,160,33,75,102,150,130,119,54,46,52,119,96,150,197,142,119,172,179,160,144,128,144,110,102,88,59,104,139,113,102,113,210,157,234,201,160,206,241,238,185,94,73,102,128,130,142,139,128,66,66,128,130,88,66,128,210,238,222,215,206,212,174,59,23,15,46,121,73,31,68,174,234,229,94,61,61,136,121,202,181,94,86
81,150,102,128,122,66,128,131,86,158,150,142,179,128,102,119,142,150,186,192,137,128,172,202,225,160,152,179,128,86,86,158,128,119,150,137,94,179,205,179,142,150,76,94,128,152,86,158,74,136,128,81,142,142,86,94,172,150,128,119,131,94,32,35,41,23,81,152,102,136,142,136,86,142,128,139,136,102,142,86,86,66,165,66,59,52,52,35,27,42,40,111,114,128,111,52,76,55,40,81,66,136,94,86,46,158,46,40,74,32,52,86,88,81,88,102,119,128,160,172,179,96,55,111,128,88,214,172,74,111,94,62,74,74,40,40,119,128,76,52,86,86,113,94,145,165,122,59,52,192,81,195,214,96,73,119,111,192,220,150,102,142,150,10,52,228,248,150,231,248,248,253,222,81,66,32,40,73,76,32,48,35,32,81,73,102,68,94,24,66,27,23,24,136,136,75,102,88,52,66,102,165,172,75,102,136,110,131,128,131,119,142,119,119,128,86,96,139,150,96,88,128,86,94,130,102,81,54,61,81,73,19,27,113,59,35,68,88,73,46,102,119,66,59,113,110,110,52,59,94,94,128,68,52,110,73,73,73,113,130,195,172,86,88,75,113,61,66,110,110,75,81,73,59,167,33,142,102,66,66,122,165,185,136,144,197,142,94,144,136,119,136,75,54,46,94,139,122,136,157,185,192,225,192,179,216,242,201,81,68,102,94,83,83,119,136,110,104,81,59,73,81,81,128,185,192,167,149,86,46,52,37,33,102,160,149,83,54,94,165,225,219,144,35,42,110,157,157,149,136,136
62,140,195,119,205,142,160,165,119,150,179,210,195,193,201,193,179,179,229,222,158,187,225,228,233,210,210,225,172,172,165,158,122,114,111,137,142,145,186,201,128,128,94,86,150,195,137,119,94,136,94,86,136,119,86,102,128,111,102,136,142,66,66,86,46,52,142,128,119,111,142,119,59,172,142,105,128,74,102,86,94,119,111,52,66,62,94,35,32,40,55,55,136,111,158,102,59,105,102,81,94,119,76,86,114,111,66,81,32,40,59,94,150,102,111,136,158,172,172,186,157,111,88,105,119,145,152,102,62,59,59,68,66,81,111,66,59,105,111,83,102,94,128,142,83,179,111,165,238,210,165,192,165,136,122,142,186,136,111,150,187,179,105,111,102,160,157,59,222,205,245,219,224,111,59,32,66,66,83,46,40,40,23,86,42,86,102,86,46,9,19,23,37,102,110,94,128,128,81,131,142,119,136,52,119,40,110,73,119,128,94,131,142,81,139,40,52,102,110,66,83,142,119,119,150,94,94,105,86,86,66,42,81,142,81,40,66,75,66,88,96,94,102,105,165,136,128,136,119,160,130,42,61,46,139,102,94,94,136,167,75,104,119,86,102,68,110,48,136,66,142,119,136,119,46,86,94,94,122,142,201,150,122,165,157,174,102,86,113,86,73,96,102,52,46,102,83,157,192,179,187,192,201,179,187,215,236,185,81,54,94,73,73,68,40,75,130,167,88,61,54,86,110,128,179,225,201,136,102,66,48,35,110,239,245,231,130,31,46,192,201,167,121,110,102,121,179,167,139,149,139
53,142,181,119,111,186,114,128,119,192,186,201,210,201,222,207,186,210,225,197,210,225,225,216,243,222,201,195,222,225,219,229,172,128,172,160,150,158,192,165,94,102,102,137,150,186,152,94,128,128,136,136,142,131,136,136,86,81,119,165,102,81,136,128,86,128,119,66,94,119,158,86,76,136,131,88,102,74,81,94,119,111,94,119,59,102,42,76,27,46,74,40,102,66,105,119,94,131,102,74,81,66,136,46,102,37,136,94,81,66,102,119,111,142,128,81,128,165,175,157,86,136,119,86,145,128,136,81,81,66,19,62,119,113,111,139,136,128,136,81,76,131,111,86,94,139,165,187,239,185,142,172,145,139,136,212,179,150,165,195,185,172,201,181,172,128,128,35,40,119,86,150,119,102,96,40,37,86,119,94,73,66,27,29,46,110,142,110,46,59,35,27,66,61,119,172,172,119,136,172,131,88,122,105,40,19,119,73,119,94,102,68,136,96,119,86,66,66,73,102,94,110,128,150,122,128,130,94,73,81,86,46,88,86,105,94,83,128,102,66,88,110,136,105,179,216,136,102,86,144,94,75,59,59,150,165,59,83,96,150,144,104,94,73,119,75,54,83,54,104,172,226,110,52,110,52,110,94,157,201,150,157,119,110,150,174,150,119,54,31,75,81,104,66,102,31,128,197,179,152,157,174,201,157,144,228,228,172,73,66,68,81,75,66,52,73,86,128,86,96,37,86,96,219,220,225,238,243,216,187,121,104,172,234,250,245,142,54,48,172,172,136,181,179,121,149,185,157,83,130,172
35,46,179,181,150,102,86,83,137,195,233,192,137,150,150,119,142,195,165,119,158,192,205,142,186,179,152,172,186,172,195,214,210,165,201,142,111,201,201,181,142,81,69,81,86,119,136,111,142,119,128,142,142,128,160,152,94,94,119,128,111,94,94,111,131,102,27,59,74,114,136,86,86,94,119,94,86,119,136,142,102,81,128,102,40,97,46,111,62,66,111,94,40,114,102,119,114,94,74,74,52,94,102,74,35,158,66,111,111,150,111,102,74,102,136,119,94,111,94,157,128,86,172,111,136,81,145,52,59,128,111,111,66,52,55,40,83,142,136,66,62,66,86,186,131,128,187,242,228,165,102,152,139,73,128,152,76,73,128,157,157,179,192,150,181,197,219,131,40,81,119,52,86,111,81,23,19,40,83,119,102,73,61,33,29,76,110,128,119,160,27,37,59,110,195,145,110,105,160,136,94,96,122,122,52,46,119,179,110,75,86,73,150,81,88,119,105,66,59,119,119,128,160,136,102,142,94,130,94,73,119,86,31,94,88,96,105,110,52,68,165,102,73,128,88,150,73,81,61,88,102,128,136,42,136,144,54,73,110,139,172,136,110,102,119,136,75,86,113,160,195,179,165,61,86,59,68,139,119,119,122,48,66,128,192,157,136,104,88,52,83,52,86,102,61,40,128,220,144,81,113,144,185,172,128,197,192,167,66,102,61,81,160,128,102,86,59,59,73,66,46,73,157,239,226,222,250,255,244,219,142,59,136,234,248,248,139,80,94,194,165,157,195,174,195,152,121,65,35,94,187
